Title: The Next Generation Virgo Cluster Survey (NGVS). XIV. The Discovery 
       of Low Mass Galaxies and a New Galaxy Catalog in the Core of the 
       VIrgo Cluster  
Authors: Ferrarese L., Cote P., MacArthur L.A., Durrell P.R., Gwyn S.D., 
         Duc P.-A., Sanchez-Janssen R., Santos M., Blakeslee J.P., Boselli A., 
         Boyer F., Cantiello M., Courteau S., Cuillandre J.-C., Emsellem E., 
         Erben T., Gavazzi G., Guhathakurta P., Huertas-Company M., Jordan A.,
         Lancon A., Liu C., Mei S., Mihos J.C., Peng E.W., Puzia T.H., 
         Roediger J., Schade D., Taylor J.E., Toloba E., Zhang H. 
Table: NGVS Virgo Core Region Galaxies: Structural Parameters
================================================================================
Byte-by-byte Description of file: apjab339ft6_mrt.txt
--------------------------------------------------------------------------------
   Bytes Format Units   Label    Explanations
--------------------------------------------------------------------------------
   1- 28 A28    ---     NGVS     NGVS identifier
      30 I1     ---     Class    Membership class code (1)
  32- 35 F4.2   ---     <eps>T   Typhon average ellipticity
  37- 40 F4.2   ---   e_<eps>T   ? Standard deviation in mean in <eps>T 
  42- 46 F5.1   deg     thetaT   ? Typhon position angle
  48- 51 F4.1   deg   e_thetaT   ? Standard deviation in mean in thetaT 
  53- 58 F6.2   ---     <B4>T    ? Typhon average B4 coefficient * 100
  60- 64 F5.2   ---   e_<B4>T    ? Standard deviation in mean in <B4>T 
  66- 69 F4.2   ---     <eps>GF  ? GalFit average ellipticity (2)
  71- 74 F4.2   ---   e_<eps>GF  ? Standard deviation in mean in <eps>GF
  76- 80 F5.1   deg     thetaGF  ? GalFit position angle (2)
  82- 85 F4.1   deg   e_thetaGF  ? Standard deviation in mean in thetaGF
--------------------------------------------------------------------------------
Note (1): See Section 3.1.
    0 = certain member;
    1 = likely member;
    2 = possible member.
Note (2): Since GalFit does not allow for radial variations in either parameter,
          the values are those best describing the overall luminosity 
          distribution and the errors are the formal errors returned by 
          the code.
--------------------------------------------------------------------------------
NGVSJ12:26:20.07+12:30:37.1  0 0.11 0.04 -85.4  8.1   0.58  1.74 0.12 0.01  80.8  0.4 
NGVSJ12:26:20.39+12:34:27.3  1 0.05                                                   
NGVSJ12:26:22.61+12:47:11.0  0 0.30 0.09  -0.4  8.4  -0.31  1.52 0.39 0.01   1.2  0.1 
NGVSJ12:26:23.64+13:22:24.7  0 0.25 0.06 -24.1                   0.28 0.01 -21.6  0.3 
NGVSJ12:26:24.04+12:25:00.5  2 0.17      -59.8                   0.28 0.01  84.6  2.0 
NGVSJ12:26:26.21+12:39:10.6  1 0.50      -28.3                   0.47 0.01 -20.9  0.6 
NGVSJ12:26:26.30+11:44:08.0  2 0.50       22.4                   0.40 0.01  21.4  2.0 
NGVSJ12:26:26.97+12:54:23.6  2 0.20      -21.2 12.9              0.28 0.01  81.4  2.3 
NGVSJ12:26:27.83+12:45:52.7  1 0.05                              0.13 0.02 -28.0  5.7 
NGVSJ12:26:28.06+12:55:14.2  0 0.14 0.04 -68.8  7.0   1.64  1.49 0.12 0.01 -57.8  0.9 
NGVSJ12:26:31.31+12:29:32.4  2 0.05                              0.02 0.03 -45.5 80.9 
NGVSJ12:26:32.25+12:36:38.5  0 0.46 0.13  19.3 10.7  -0.27  3.38                      
NGVSJ12:26:32.68+13:25:25.8  1 0.05                              0.26 0.01 -45.3  1.0 
NGVSJ12:26:33.21+12:44:34.7  0 0.06 0.01 -41.0  6.2  -0.07  0.15 0.05 0.01 -31.6  0.2 
NGVSJ12:26:35.84+13:22:44.7  2 0.40       55.9                   0.19 0.01  62.5  3.5 
NGVSJ12:26:36.32+12:48:10.0  0 0.13 0.05  40.6 70.4   0.39  1.38 0.12 0.01 -67.1  1.0 
NGVSJ12:26:37.74+12:43:48.1  2 0.30      -17.5                   0.50 0.01 -13.6  1.5 
NGVSJ12:26:38.09+11:53:30.7  0 0.05       -1.7                   0.06 0.01  16.6  5.2 
NGVSJ12:26:38.25+13:04:44.2  1 0.05                              0.10 0.01  86.0  3.0 
NGVSJ12:26:39.81+12:30:48.8  0 0.29 0.09  43.5  4.3   0.63  0.68 0.42 0.01  42.2  0.1 
NGVSJ12:26:41.15+12:50:43.5  0 0.47 0.04  40.6  2.8   1.25  3.47 0.45 0.01  42.5  0.1 
NGVSJ12:26:42.11+13:22:33.3  1 0.26      -54.9                   0.47 0.01 -57.9  1.5 
NGVSJ12:26:43.31+12:17:44.0  1 0.07 0.04 -37.4 31.4  -0.28  1.76 0.05 0.01 -64.3  4.3 
NGVSJ12:26:44.62+13:11:16.4  2 0.20      -46.8                   0.19 0.02  79.2  5.3 
NGVSJ12:26:46.58+13:16:00.6  0 0.06       -1.9                   0.22 0.01   2.5  0.8 
NGVSJ12:26:46.70+11:41:55.1  2 0.35      -11.8                   0.60 0.01  -5.6  1.7 
NGVSJ12:26:47.06+12:27:14.3  0 0.14 0.08  14.2 21.2   0.50  0.85 0.16 0.01  18.8  0.1 
NGVSJ12:26:47.88+13:22:44.9  1 0.39 0.01  20.3  3.8  -1.62  1.52 0.41 0.01  23.2  0.1 
NGVSJ12:26:48.25+12:31:35.8  1 0.37                              0.40 0.01 -50.4  1.1 
NGVSJ12:26:48.36+13:21:17.7  1 0.05                              0.22 0.01 -77.2  2.1 
NGVSJ12:26:48.49+12:23:59.6  1 0.35 0.08 -73.8  8.5   0.17  1.92 0.30 0.01 -78.4  0.5 
NGVSJ12:26:49.16+12:18:38.1  2 0.07                                                   
NGVSJ12:26:49.59+12:10:43.0  2 0.46 0.04  78.5  3.0  -0.43  2.73 0.50 0.01  77.4  0.4 
NGVSJ12:26:50.74+11:33:27.5  0 0.31 0.01 -53.3  8.9   2.26  4.01 0.29 0.01 -38.8  0.1 
NGVSJ12:26:50.83+13:10:36.9  0 0.68      -11.6                   0.63 0.01  -9.7  0.1 
NGVSJ12:26:51.99+12:39:08.2  1 0.05                              0.29 0.01 -42.6  1.8 
NGVSJ12:26:54.36+11:39:50.2  0 0.24 0.08 -60.3  6.4   0.03  0.83 0.31 0.01 -62.6  0.1 
NGVSJ12:26:55.15+12:43:13.6  2 0.47       -4.9                   0.57 0.01   1.2  0.9 
NGVSJ12:26:55.63+12:51:33.6  1 0.05                              0.09 0.01   2.8  5.3 
NGVSJ12:26:55.95+12:59:40.0  2 0.05                              0.80 0.01  59.3  0.3 
NGVSJ12:26:56.47+12:57:43.3  0 0.49 0.03 -12.3  4.3   0.48  2.18 0.50 0.01 -12.5  0.2 
NGVSJ12:26:56.67+11:36:12.6  2 0.05                              0.15 0.02 -47.0  7.7 
NGVSJ12:26:57.65+12:25:16.2  1 0.38 0.05  66.9  2.3  -0.38  0.85 0.43 0.01  61.8  1.7 
NGVSJ12:26:58.93+12:33:13.5  2 0.05                              0.09 0.03  49.2 13.3 
NGVSJ12:26:59.05+12:30:20.5  0 0.37 0.05  60.3                   0.23 0.01  55.9  0.2 
NGVSJ12:27:02.60+12:34:47.1  1 0.05                              0.39 0.01  56.1  0.6 
NGVSJ12:27:03.08+12:33:38.8  0 0.45 0.15 -56.8  2.6   0.77  0.69 0.55 0.01 -54.8  0.1 
NGVSJ12:27:03.76+11:31:51.0  2 0.05                              0.35 0.02  10.0  2.5 
NGVSJ12:27:03.81+12:51:59.2  0 0.37 0.05 -69.8  2.6   0.27  1.17 0.37 0.01 -69.4  0.2 
NGVSJ12:27:06.07+13:19:25.3  0 0.36 0.03  12.8  4.4   0.12  1.10 0.41 0.01  11.9  0.1 
NGVSJ12:27:08.42+13:20:08.7  0 0.15 0.04  67.9 12.1  -0.69  1.47 0.19 0.01  62.0  0.2 
NGVSJ12:27:10.65+12:46:03.6  2 0.05                              0.17 0.04  76.0  7.8 
NGVSJ12:27:11.20+12:06:52.3  0 0.53 0.09  78.0  3.4  -0.97  3.06 0.54 0.01  75.0  0.1 
NGVSJ12:27:11.24+12:02:17.4  0 0.28 0.05  29.5  1.6   0.95  1.23 0.34 0.01  27.4  0.1 
NGVSJ12:27:12.75+13:13:14.6  1 0.31       24.9                   0.22 0.01  23.3  1.9 
NGVSJ12:27:13.34+12:44:05.2  0 0.33 0.15  24.7  1.6  -0.97  1.40                      
NGVSJ12:27:14.21+12:54:09.6  0 0.05                              0.09 0.01 -21.3  6.3 
NGVSJ12:27:15.01+12:50:55.9  2 0.61       85.7                   0.79 0.01  87.4  0.2 
NGVSJ12:27:15.46+12:39:41.4  0 0.22       -4.7                                        
NGVSJ12:27:15.46+13:24:44.8  1 0.05                              0.07 0.01  65.8  5.9 
NGVSJ12:27:16.78+12:32:07.8  2 0.20 0.06 -70.8 12.8  -1.18  5.07 0.30 0.01 -69.4  1.8 
NGVSJ12:27:19.52+12:13:15.9  1 0.19      -37.9                                        
NGVSJ12:27:19.62+13:05:13.3  1 0.28 0.08 -89.8  1.1  -1.05  3.42 0.20 0.01 -85.1  1.8 
NGVSJ12:27:20.29+11:41:42.8  1 0.05                              0.16 0.01 -36.7  2.8 
NGVSJ12:27:21.11+13:06:40.3  0 0.38 0.05  47.4  5.3   0.61  1.79 0.34 0.01  43.2  0.2 
NGVSJ12:27:22.17+12:04:07.4  0 0.12 0.04  33.8  9.4   0.24  1.69 0.15 0.01  27.4  0.3 
NGVSJ12:27:23.46+12:19:54.1  0 0.35 0.02  -5.9  1.9   0.04  1.19 0.39 0.01  -7.6  0.1 
NGVSJ12:27:25.10+13:24:21.9  0 0.29      -24.9                   0.35 0.01 -18.2  0.5 
NGVSJ12:27:26.91+11:45:11.6  2 0.05                              0.34 0.03 -65.7  5.2 
NGVSJ12:27:26.95+11:56:33.4  1 0.30 0.15 -76.4  6.1  -2.56  2.48 0.16 0.01 -65.9  1.3 
NGVSJ12:27:27.38+12:17:25.0  0 0.39 0.11  -6.6  1.4  -0.21  0.47 0.42 0.01  -3.7  0.1 
NGVSJ12:27:29.53+12:16:09.1  1 0.32 0.06 -49.2  4.3  -0.30  4.50 0.37 0.01 -52.0  0.6 
NGVSJ12:27:29.55+11:44:04.1  0 0.57       21.6                   0.54 0.01  22.8  0.5 
NGVSJ12:27:29.78+12:15:07.2  0 0.40       70.7                   0.35 0.01  78.2  0.6 
NGVSJ12:27:30.38+13:12:55.1  2 0.27      -72.0                   0.10 0.02 -61.7  9.0 
NGVSJ12:27:32.01+11:36:54.7  0 0.27 0.07  75.5  6.2   0.03  0.96 0.36 0.01  77.8  0.1 
NGVSJ12:27:33.11+11:31:43.3  1 0.21        0.0                   0.18 0.02  33.4  5.1 
NGVSJ12:27:33.18+11:31:55.7  1 0.21      -22.3                   0.32 0.01 -17.2  0.7 
NGVSJ12:27:34.39+12:48:12.1  0 0.05                              0.23 0.01 -47.7  1.4 
NGVSJ12:27:35.60+12:37:26.3  0 0.65      -86.1                                        
NGVSJ12:27:37.45+12:22:40.9  2 0.23       47.5                   0.42 0.02  45.6  2.5 
NGVSJ12:27:39.24+12:52:47.6  0 0.09 0.04  -4.2                                        
NGVSJ12:27:40.49+13:04:44.3  0 0.35 0.09   8.2  3.4  -0.11  2.53                      
NGVSJ12:27:41.24+12:18:57.2  0 0.47 0.09 -67.3  0.2   0.96  0.49 0.56 0.01 -67.5  0.1 
NGVSJ12:27:41.67+12:29:16.3  1 0.34       74.5                   0.30 0.01  79.8  0.5 
NGVSJ12:27:42.11+12:05:22.7  0 0.23 0.01  -9.2  0.5   0.61  0.34 0.23 0.01 -11.0  0.1 
NGVSJ12:27:43.43+11:58:04.6  0 0.07                              0.21 0.01 -32.1  1.4 
NGVSJ12:27:44.39+12:33:25.9  1 0.05                              0.09 0.01 -55.9  6.6 
NGVSJ12:27:44.52+12:59:01.3  0 0.21 0.04  53.0                   0.28 0.01  54.0  0.3 
NGVSJ12:27:45.42+12:52:22.5  0 0.38       30.0                   0.30 0.01  34.2  0.2 
NGVSJ12:27:45.65+13:00:31.9  0 0.41 0.10  23.4 10.4  -0.60  2.59                      
NGVSJ12:27:46.47+11:44:28.9  0 0.08      -22.1                   0.12 0.01 -63.0  2.1 
NGVSJ12:27:49.49+12:29:58.7  0 0.13 0.10 -31.8 23.9   0.23  3.71 0.06 0.01 -37.2  4.3 
NGVSJ12:27:53.17+12:22:58.8  1 0.05                              0.13 0.01 -47.2  3.9 
NGVSJ12:27:53.42+12:58:22.9  2 0.26                              0.21 0.02 -14.6  4.6 
NGVSJ12:27:53.57+12:17:35.8  0 0.10 0.04  71.0 18.8  -0.01  1.18                      
NGVSJ12:27:54.56+12:36:16.2  1 0.46 0.05 -68.5  3.3  -2.17  1.64 0.45 0.01 -71.2  0.3 
NGVSJ12:27:55.22+12:22:09.5  0 0.25       44.0                                        
NGVSJ12:28:00.33+11:30:34.7  1 0.37 0.03 -25.1  4.6  -2.05  4.66 0.34 0.01 -30.6  0.9 
NGVSJ12:28:00.44+11:56:59.6  0 0.54 0.13  -8.3  0.9   2.20  1.52 0.62 0.01  -7.8  0.1 
NGVSJ12:28:03.74+12:46:41.2  2 0.10 0.03 -79.0 13.9   2.31  2.08 0.13 0.02   3.3  5.5 
NGVSJ12:28:04.79+11:36:16.5  1 0.54       71.3                   0.45 0.01  80.5  0.4 
NGVSJ12:28:05.92+12:50:15.5  2 0.15 0.01 -11.9  0.1   0.86  0.33 0.22 0.01 -12.3  0.8 
NGVSJ12:28:06.53+12:53:53.3  0 0.45 0.12  -9.5  1.4   0.28  0.88 0.61 0.01 -10.1  0.1 
NGVSJ12:28:06.77+12:58:43.2  0 0.11 0.03 -45.6 15.8   0.37  2.09 0.10 0.01 -33.1  2.3 
NGVSJ12:28:07.90+12:24:07.9  1 0.32      -32.2                   0.29 0.01 -30.7  1.7 
NGVSJ12:28:08.61+12:05:35.8  0 0.19 0.09 -75.3  2.9  -0.14  0.55 0.27 0.01 -77.9  0.1 
NGVSJ12:28:10.07+12:43:29.4  1 0.20      -69.0                   0.37 0.07 -88.4  8.5 
NGVSJ12:28:10.28+12:48:32.2  1 0.08 0.04 -54.2 26.0   0.33  2.50 0.05 0.01 -61.8  2.6 
NGVSJ12:28:12.24+11:58:13.3  1 0.32 0.07  84.6  5.6  -2.13  2.60 0.23 0.01  89.2  0.6 
NGVSJ12:28:12.60+12:45:33.9  1 0.41       62.8                   0.20 0.01  56.4  4.4 
NGVSJ12:28:12.81+13:00:54.0  0 0.25 0.08  31.9  5.7   1.26  2.16 0.38 0.01  35.7  0.3 
NGVSJ12:28:12.86+12:54:56.5  2 0.05                              0.34 0.02 -26.7  3.0 
NGVSJ12:28:14.87+11:47:23.6  0 0.25 0.06 -75.8  2.8  -0.21  0.77 0.33 0.01 -80.2  0.1 
NGVSJ12:28:15.41+12:33:37.2  2 0.41 0.03  50.2  1.2  -1.86  1.35 0.43 0.01  46.4  0.9 
NGVSJ12:28:15.85+12:52:12.0  1 0.14 0.15 -74.9 15.7   0.06  2.24 0.98 0.01 -67.3  0.1 
NGVSJ12:28:18.74+11:42:00.9  0 0.08 0.05 -37.9  7.0   0.20  0.91 0.03 0.01 -17.7  1.2 
NGVSJ12:28:20.08+13:18:37.2  2 0.05                              0.08 0.04  -8.8 22.9 
NGVSJ12:28:20.18+13:21:35.5  1 0.05                              0.12 0.02 -76.0  6.4 
NGVSJ12:28:21.59+12:38:45.4  2 0.39       -0.1                   0.51 0.01   8.8  1.2 
NGVSJ12:28:21.66+12:08:04.0  1 0.05                              0.33 0.01  18.8  1.6 
NGVSJ12:28:23.37+11:34:46.9  0 0.42 0.08  15.5  7.3  -0.20  1.67                      
NGVSJ12:28:23.64+13:11:44.7  0 0.51 0.09 -83.1  1.3  -0.02  1.00 0.58 0.01 -79.9  0.1 
NGVSJ12:28:26.26+12:20:45.2  0 0.14 0.05 -75.5  6.9  -2.93  1.89 0.35 0.01 -84.6  0.8 
NGVSJ12:28:27.72+12:33:29.9  2 0.37       79.0                   0.53 0.01  70.1  1.6 
NGVSJ12:28:28.06+12:49:25.3  0 0.26 0.06  73.8  2.4   0.96  0.79 0.31 0.01  74.7  0.1 
NGVSJ12:28:29.72+11:58:19.6  2 0.05                              0.03 0.01 -19.1 17.7 
NGVSJ12:28:31.15+11:31:59.9  1 0.14       46.4                   0.25 0.01  66.7  3.4 
NGVSJ12:28:31.99+12:59:16.6  2 0.34                              0.40 0.01 -70.8  1.6 
NGVSJ12:28:32.13+12:32:09.7  1 0.42      -89.3                   0.59 0.01  81.1  1.4 
NGVSJ12:28:32.40+11:44:40.7  0 0.14      -24.0                   0.29 0.01 -74.1  0.3 
NGVSJ12:28:35.75+12:10:57.2  2 0.41      -84.5                   0.39 0.01  89.1  2.0 
NGVSJ12:28:36.07+11:40:16.5  2 0.40      -26.2                   0.43 0.01 -16.7  1.3 
NGVSJ12:28:37.88+12:51:42.0  1 0.15      -59.4                                        
NGVSJ12:28:39.87+12:58:40.5  1 0.31      -78.1                   0.09 0.01 -78.8  4.2 
NGVSJ12:28:41.71+12:54:57.2  0 0.45 0.09 -48.0  0.7   0.96  0.58 0.58 0.01 -47.8  0.1 
NGVSJ12:28:42.66+12:32:59.4  0 0.18 0.05  40.1 18.2  -0.17  1.76 0.13 0.01  33.8  0.3 
NGVSJ12:28:43.31+11:45:18.1  0 0.66 0.06  31.4  0.2   3.72  1.33                      
NGVSJ12:28:44.65+11:59:37.2  2 0.23 0.03  75.2  5.5   1.16  1.27 0.22 0.01  73.8  1.4 
NGVSJ12:28:44.91+12:48:34.3  0 0.15 0.06  13.6 20.9   0.69  1.78 0.19 0.01  -3.6  0.2 
NGVSJ12:28:45.79+12:01:18.6  0 0.23 0.04  40.0  8.8   1.61  2.01 0.29 0.01  34.7  0.3 
NGVSJ12:28:46.92+12:38:31.5  0 0.20 0.07 -76.8 17.4   1.81  3.10 0.24 0.01 -63.8  1.5 
NGVSJ12:28:47.37+12:49:48.5  2 0.05                              0.24 0.02 -11.2  5.8 
NGVSJ12:28:48.93+11:53:10.4  2 0.40                              0.55 0.01 -50.1  1.0 
NGVSJ12:28:49.11+12:07:54.5  0 0.33 0.06   9.3  9.0   1.92  0.98 0.33 0.01  14.2  0.4 
NGVSJ12:28:49.98+12:47:46.7  2 0.19 0.03  55.8  5.0   0.43  1.77 0.23 0.01  51.4  0.5 
NGVSJ12:28:51.02+12:07:09.0  2 0.05      -16.5                   0.36 0.03  63.9  4.6 
NGVSJ12:28:51.07+11:34:24.8  1 0.33       13.3                   0.40 0.01  20.8  0.8 
NGVSJ12:28:51.30+11:57:26.9  1 0.22      -64.3                   0.23 0.01 -64.6  0.9 
NGVSJ12:28:52.76+12:44:12.3  1 0.28       32.5                   0.29 0.01  25.1  2.1 
NGVSJ12:28:53.71+13:11:51.2  1 0.41       80.8                   0.40 0.01  84.8  1.2 
NGVSJ12:28:53.73+12:58:53.7  2 0.47       46.5                   0.47 0.01  44.6  0.7 
NGVSJ12:28:55.57+12:42:24.6  0 0.05      -44.0                   0.06 0.01  64.0  2.1 
NGVSJ12:28:55.65+12:25:42.3  1 0.30        3.6                   0.01 0.02  59.7 90.0 
NGVSJ12:28:56.04+12:42:54.8  2 0.05                              0.04 0.03  15.8 31.9 
NGVSJ12:28:56.13+13:26:42.2  0 0.31 0.06  45.5  6.7   3.22  0.78 0.31 0.01  46.4  1.1 
NGVSJ12:28:57.56+13:14:31.0  0 0.13 0.02   6.4  0.8   0.60  0.21                      
NGVSJ12:28:57.68+11:57:20.2  1 0.29 0.04  41.8 11.6  -0.80  2.75 0.28 0.01  38.8  0.8 
NGVSJ12:28:58.14+12:39:42.2  0 0.03 0.01 -30.8 39.0   0.12  0.25 0.04 0.01  -7.6  0.3 
NGVSJ12:28:58.84+12:54:28.8  0 0.13 0.03 -11.4 12.7  -1.23  4.27 0.17 0.01  -8.0  0.6 
NGVSJ12:28:59.15+12:02:30.4  2 0.05                              0.22 0.01  84.2  2.4 
NGVSJ12:28:59.50+11:55:23.4  1 0.05                              0.11 0.01  73.2  4.9 
NGVSJ12:28:59.82+12:38:54.2  0 0.41 0.05  42.4  2.3  -0.97  2.29 0.39 0.01  41.8  0.1 
NGVSJ12:29:01.16+12:33:30.8  2 0.39      -40.9                   0.45 0.01 -35.0  1.1 
NGVSJ12:29:01.17+12:25:50.2  2 0.05                              0.74 0.01  44.8  0.6 
NGVSJ12:29:02.02+12:26:05.5  0 0.05                              0.12 0.01  20.1  1.7 
NGVSJ12:29:03.01+13:11:01.7  0 0.25 0.07  12.4  0.9   0.58  0.54                      
NGVSJ12:29:03.26+12:05:58.9  2 0.05                              0.39 0.04  60.2  4.1 
NGVSJ12:29:05.13+12:09:13.6  0 0.16 0.11 -52.6 22.3  -1.40  3.19 0.21 0.01 -30.2  1.4 
NGVSJ12:29:05.42+12:01:52.5  0 0.28 0.03  77.8  1.2  -0.85  2.43 0.32 0.01  79.1  0.3 
NGVSJ12:29:09.24+12:29:45.6  1 0.45       13.7                   0.59 0.01  13.5  0.4 
NGVSJ12:29:09.56+12:33:29.3  1 0.05                              0.05 0.02  41.6 15.8 
NGVSJ12:29:11.82+13:09:48.7  1 0.32      -20.1                   0.23 0.01 -33.2  1.2 
NGVSJ12:29:12.31+11:31:11.9  2 0.18 0.08 -27.6 11.6  -0.04  4.81 0.27 0.01 -34.2  1.7 
NGVSJ12:29:14.85+12:58:41.7  0 0.48 0.05 -44.2  0.9   0.07  0.57 0.46 0.01 -43.2  0.1 
NGVSJ12:29:17.55+13:04:42.6  2 0.28       29.2                   0.36 0.02  10.7  2.5 
NGVSJ12:29:19.28+12:22:37.2  0 0.69 0.06  53.4  3.0   0.77  1.26 0.63 0.01  51.2  0.1 
NGVSJ12:29:20.27+12:01:16.4  2 0.19       73.0                   0.22 0.01  39.8  1.4 
NGVSJ12:29:20.73+13:22:12.0  1 0.05                              0.06 0.02  21.9 13.5 
NGVSJ12:29:21.55+12:28:03.4  1 0.05                              0.03 0.02 -59.5 20.9 
NGVSJ12:29:22.40+11:49:17.7  2 0.50       49.1                   0.78 0.01  50.1  0.5 
NGVSJ12:29:23.52+12:27:02.9  0 0.08 0.02 -16.7 31.7  -0.11  0.65 0.07 0.01  22.4  0.2 
NGVSJ12:29:26.27+13:06:50.3  2 0.05       38.3                   0.48 0.02  76.0  2.7 
NGVSJ12:29:28.67+12:29:46.3  0 0.29 0.08 -78.7  7.2   0.05  1.69 0.37 0.01 -73.8  0.1 
NGVSJ12:29:31.38+12:34:12.1  2 0.38 0.02 -78.7  0.8   1.05  1.48 0.41 0.01 -79.7  0.2 
NGVSJ12:29:33.61+13:11:44.6  0 0.36       59.0                   0.38 0.01  54.3  0.1 
NGVSJ12:29:34.52+13:19:56.2  0 0.18 0.10  85.3 12.4   0.54  2.00 0.24 0.01  83.7  0.4 
NGVSJ12:29:35.56+12:03:36.0  1 0.05                              0.02 0.04 -85.4 82.2 
NGVSJ12:29:35.57+13:12:40.1  2 0.33      -31.8                   0.40 0.01 -23.7  0.8 
NGVSJ12:29:38.10+13:05:18.2  2 0.14 0.03  52.5 47.4  -1.57  4.14 0.08 0.03 -17.9 10.8 
NGVSJ12:29:38.15+12:24:35.5  2 0.05        3.8                                        
NGVSJ12:29:39.06+11:38:00.3  0 0.07 0.02 -67.6 86.8  -0.67  2.16 0.21 0.01  42.2  0.3 
NGVSJ12:29:39.24+12:32:53.7  0 0.08 0.04  60.4 25.1   0.22  0.68 0.04 0.01  23.1  0.6 
NGVSJ12:29:39.32+12:25:00.3  2 0.53       34.4                                        
NGVSJ12:29:39.65+12:14:15.8  2 0.05                              0.04 1.63  32.5 90.0 
NGVSJ12:29:39.70+11:52:05.2  1 0.32       48.6                   0.39 0.01  49.7  0.9 
NGVSJ12:29:40.38+12:57:38.5  1 0.05                              0.29 0.01   5.9  2.6 
NGVSJ12:29:41.28+12:02:45.9  0 0.42 0.01  36.8  2.3  -2.45  2.13 0.37 0.01  37.0  0.3 
NGVSJ12:29:41.39+11:34:19.3  1 0.04 0.02 -29.5 40.8  -1.24  1.25 0.14 0.01  82.7  3.3 
NGVSJ12:29:41.52+12:29:56.9  2 0.05                              0.16 0.01  87.3  3.7 
NGVSJ12:29:43.19+12:39:18.8  2 0.20 0.05  47.1  2.7   0.53  2.49 0.23 0.01  44.4  2.2 
NGVSJ12:29:44.09+12:48:19.6  0 0.19 0.04 -87.7  5.3  -0.03  0.79 0.20 0.01 -83.2  0.3 
NGVSJ12:29:46.27+12:55:27.8  2 0.05      -88.0                   0.22 0.01 -78.3  3.2 
NGVSJ12:29:47.20+13:04:34.4  1 0.25 0.03 -57.6  3.0  -0.80  3.03 0.21 0.01 -55.6  0.6 
NGVSJ12:29:47.74+12:34:17.2  2 0.28                              0.30 0.02 -58.3  3.3 
NGVSJ12:29:48.87+13:25:46.0  0 0.42 0.02 -86.4  0.2   0.87  0.46                      
NGVSJ12:29:50.47+12:04:42.5  2 0.05                                                   
NGVSJ12:29:52.01+13:19:28.0  1 0.53 0.08 -81.7  7.8  -1.41  9.68 0.37 0.01 -86.7  0.8 
NGVSJ12:29:53.00+11:57:44.3  0 0.36 0.11 -39.8  3.9  -1.51  1.08 0.33 0.01 -38.7  0.1 
NGVSJ12:29:53.78+12:37:17.9  0 0.05                                                   
NGVSJ12:29:54.77+12:55:51.4  2 0.24 0.09  12.7  9.8  -0.42  5.33 0.24 0.02  22.0  3.8 
NGVSJ12:29:55.50+13:20:58.2  1 0.57       69.3                   0.36 0.01  74.9  1.4 
NGVSJ12:29:56.24+12:40:17.4  2 0.09                              0.17 0.02  68.1  6.4 
NGVSJ12:29:56.34+13:13:12.3  0 0.08 0.03 -39.4 69.5   0.44  1.50 0.06 0.01 -41.8  1.7 
NGVSJ12:29:58.26+13:16:20.8  0 0.10 0.07 -85.8 14.1   0.40  2.29 0.05 0.01  78.1  2.2 
NGVSJ12:29:58.67+11:54:42.5  2 0.05                              0.36 0.01 -43.8  2.3 
NGVSJ12:29:59.08+12:20:55.4  0 0.38 0.04  27.2  4.0   0.79  1.15                      
NGVSJ12:30:00.94+12:44:11.3  2 0.05                              0.25 0.02  41.4  4.6 
NGVSJ12:30:01.15+13:07:04.9  1 0.22 0.07 -31.8  9.4  -0.45  3.51 0.39 0.01 -26.1  0.4 
NGVSJ12:30:01.82+12:56:52.5  1 0.40 0.06  -8.0  4.5  -0.05  5.76 0.42 0.01  -2.7  0.6 
NGVSJ12:30:01.87+12:12:59.7  2 0.33 0.10   3.3  4.7   1.02  2.33 0.48 0.01   6.4  0.5 
NGVSJ12:30:04.38+12:30:35.7  2 0.24 0.04 -65.3 15.0  -2.51  3.11 0.36 0.01 -55.7  1.5 
NGVSJ12:30:05.12+12:38:48.7  2 0.43 0.12 -37.3  5.3  -2.67 10.76 0.46 0.02 -44.7  2.4 
NGVSJ12:30:05.91+12:27:12.1  2 0.11      -14.3                   0.25 0.03 -34.2  6.4 
NGVSJ12:30:06.08+12:22:37.9  0 0.56 0.02  58.1  0.9  -1.70  1.14 0.54 0.01  57.4  0.1 
NGVSJ12:30:06.21+12:41:18.4  1 0.21 0.10 -62.1 16.5  -0.69  3.20 0.08 0.01 -46.3  2.9 
NGVSJ12:30:07.20+12:35:28.2  1 0.05                              0.42 0.02 -20.3  3.1 
NGVSJ12:30:07.86+12:23:19.9  2 0.09 0.06 -56.2 18.1  -1.25  2.04 0.04 0.01 -78.7  7.8 
NGVSJ12:30:10.88+12:11:43.6  0 0.10 0.06  70.5 25.7  -0.47  1.42 0.06 0.01 -78.8  0.7 
NGVSJ12:30:13.90+12:56:48.8  2 0.05                              0.40 0.03  61.1  3.0 
NGVSJ12:30:15.05+13:20:31.0  1 0.05                              0.16 0.02  11.1  6.5 
NGVSJ12:30:15.27+12:30:57.3  0 0.22 0.05  -0.9  3.7  -0.90  0.66 0.21 0.01   1.7  0.7 
NGVSJ12:30:15.76+12:59:54.0  1 0.49       79.8                   0.36 0.01 -85.7  1.3 
NGVSJ12:30:17.42+12:19:42.8  0 0.20 0.02 -31.0  2.4  -0.09  0.75                      
NGVSJ12:30:17.45+12:14:28.3  0 0.34 0.05  64.0  7.3  -0.94  3.98 0.32 0.01  59.7  0.4 
NGVSJ12:30:18.00+12:02:30.5  0 0.29 0.09  84.0  5.0   0.88  2.87 0.36 0.01  80.4  0.5 
NGVSJ12:30:18.21+12:34:17.3  0 0.55 0.04 -32.9  0.7  -2.16  5.34 0.49 0.01 -31.5  0.4 
NGVSJ12:30:19.94+11:43:21.0  2 0.18       -4.7                   0.11 0.02  64.0  7.4 
NGVSJ12:30:20.43+12:49:00.4  2 0.05                              0.06 0.03 -64.3 18.9 
NGVSJ12:30:21.67+11:40:16.7  2 0.05                              0.23 0.03  83.5  6.5 
NGVSJ12:30:23.85+12:26:07.2  1 0.05                                                   
NGVSJ12:30:24.05+13:18:45.0  2 0.05                              0.13 0.03 -31.8  9.8 
NGVSJ12:30:24.48+13:19:55.8  0 0.23                              0.23 0.01 -49.0  0.4 
NGVSJ12:30:24.56+12:47:34.4  0 0.52       62.2                   0.51 0.01  73.9  0.3 
NGVSJ12:30:26.92+12:56:08.2  1 0.21       45.0                   0.14 0.01  38.1  4.1 
NGVSJ12:30:27.53+12:52:25.6  1 0.05                              0.23 0.03 -82.9  5.8 
NGVSJ12:30:28.29+12:58:57.1  1 0.06       45.0                   0.19 0.01   0.2  1.2 
NGVSJ12:30:30.48+13:05:39.3  1 0.30 0.04 -58.4  4.0   1.40  3.72 0.32 0.01 -60.4  0.6 
NGVSJ12:30:31.97+12:29:24.6  0 0.16 0.02  89.1  0.5   0.50  0.13 0.10 0.01 -88.8  0.1 
NGVSJ12:30:32.18+12:51:51.2  2 0.34      -28.9  9.4              0.36 0.01 -29.1  1.0 
NGVSJ12:30:33.32+12:54:02.3  0 0.40 0.04 -76.1  9.3   0.09  1.91 0.45 0.01 -73.0  0.1 
NGVSJ12:30:34.65+12:27:29.2  1 0.16 0.04 -54.5 11.9  -0.45  1.37 0.14 0.01 -60.3  0.7 
NGVSJ12:30:35.12+13:11:20.2  2 0.40      -32.0                   0.48 0.01 -21.5  0.7 
NGVSJ12:30:37.24+12:46:09.2  1 0.18 0.05 -34.8 13.8   0.33  1.41 0.32 0.01  65.6  0.7 
NGVSJ12:30:37.35+13:00:33.3  1 0.44 0.10 -22.7  2.6  -2.46  2.72 0.44 0.01 -23.4  0.6 
NGVSJ12:30:40.41+12:37:17.8  1 0.05                              0.16 0.01 -20.6  3.9 
NGVSJ12:30:42.65+12:47:26.1  1 0.05                              0.18 0.02   0.6  5.3 
NGVSJ12:30:46.32+12:05:56.7  0 0.37       25.3                   0.35 0.01  27.8  0.1 
NGVSJ12:30:46.32+12:36:49.5  2 0.05                              0.10 0.03  80.9 11.8 
NGVSJ12:30:46.88+13:12:50.4  0 0.13 0.03  74.1 10.9   1.84  1.75 0.19 0.01  70.4  1.0 
NGVSJ12:30:47.20+11:32:15.4  0 0.50 0.04 -41.6  1.9  -0.19  1.11 0.51 0.01 -43.4  0.2 
NGVSJ12:30:48.58+12:02:42.7  0 0.48 0.05  61.1  6.3 -12.54  1.17 0.52 0.01  74.7  0.1 
NGVSJ12:30:49.03+13:13:25.8  0 0.43 0.01 -31.0  0.8   1.58  0.40 0.43 0.01 -31.3  0.1 
NGVSJ12:30:49.42+12:23:28.0  0 0.06 0.04  -8.8 32.4  -0.04  0.29                      
NGVSJ12:30:50.59+12:44:11.7  0 0.11 0.04 -12.6  6.8   0.98  1.19 0.17 0.01  -9.2  0.3 
NGVSJ12:30:53.26+11:39:15.5  2 0.05                              0.22 0.03  45.5  5.9 
NGVSJ12:30:55.66+13:20:53.8  0 0.23 0.08 -41.9 12.1  -0.69  2.10 0.32 0.01 -39.7  0.2 
NGVSJ12:30:57.37+13:13:51.7  2 0.05                              0.21 0.01  -0.3  2.6 
NGVSJ12:30:57.77+12:16:15.5  0 0.17        7.3                                        
NGVSJ12:30:58.81+11:42:30.8  0 0.54 0.02  42.2  2.6  -2.12  1.56 0.39 0.01  41.9  0.2 
NGVSJ12:31:03.19+12:21:10.5  1 0.05                              0.16 0.01  70.8  2.3 
NGVSJ12:31:03.28+12:04:40.6  1 0.20 0.09 -40.2 61.4   0.51  5.03 0.18 0.01  -5.5  1.1 
NGVSJ12:31:03.98+11:50:10.2  0 0.09 0.09  10.6 27.2   0.13  3.39 0.08 0.01 -40.9  1.1 
NGVSJ12:31:05.15+12:29:38.3  1 0.33      -21.3                   0.21 0.01 -25.0  2.2 
NGVSJ12:31:05.67+12:49:38.9  2 0.05                              0.21 0.03  67.3  8.4 
NGVSJ12:31:09.67+13:21:15.5  2 0.05                              0.21 0.03  25.2  8.0 
NGVSJ12:31:10.42+13:05:50.5  0 0.08 0.04  51.4 29.0   1.03  1.88 0.06 0.01   2.1  1.5 
NGVSJ12:31:11.64+13:06:51.7  0 0.32 0.03  83.1  1.6   3.74  1.10 0.29 0.01  87.7  0.3 
NGVSJ12:31:11.78+12:03:48.5  2 0.05                              0.20 0.03 -37.7  5.8 
NGVSJ12:31:12.69+13:07:27.4  0 0.13 0.04 -64.0  7.7  -0.31  1.59 0.19 0.01 -62.7  0.3 
NGVSJ12:31:15.73+12:19:54.4  0 0.04 0.02 -57.0 17.1  -0.15  0.43 0.06 0.01  86.3  0.2 
NGVSJ12:31:16.55+12:03:58.2  2 0.05                              0.04 0.03  28.6 32.3 
NGVSJ12:31:18.87+13:19:54.7  0 0.22 0.05  60.6 11.8  -0.08  1.64 0.28 0.01  52.4  0.3 
NGVSJ12:31:19.41+12:40:13.2  2 0.28       60.3                   0.35 0.03  57.2  4.9 
NGVSJ12:31:19.43+12:44:16.9  0 0.14 0.04  32.8  3.0  -0.09  0.71 0.18 0.01  32.0  0.1 
NGVSJ12:31:19.57+12:36:41.5  0 0.28 0.03   5.5  1.5  -0.28  1.31 0.31 0.01   3.8  0.1 
NGVSJ12:31:24.42+13:20:56.7  0 0.43 0.24 -71.1 28.2   0.28  5.66 0.13 0.01  20.7  3.9 
NGVSJ12:31:28.07+12:51:18.3  0 0.05                              0.09 0.01  75.5  2.9 
NGVSJ12:31:28.82+12:06:50.3  2 0.05                              0.20 0.01  -2.5  1.0 
NGVSJ12:31:30.70+12:59:00.2  2 0.05                              0.31 0.04 -62.5  6.8 
NGVSJ12:31:30.92+12:56:11.2  2 0.57       33.9                   0.62 0.01  31.4  1.2 
NGVSJ12:31:31.68+11:36:11.1  0 0.13 0.05 -86.3 10.6   0.12  2.23 0.18 0.01 -82.0  0.4 
NGVSJ12:31:32.54+11:37:29.1  0 0.51 0.08  69.0  1.3  -1.59  1.37                      
NGVSJ12:31:33.35+12:03:49.7  0 0.38 0.08 -29.3  2.7  -0.18  0.98 0.42 0.01 -27.3  0.1 
NGVSJ12:31:33.92+12:04:03.2  0 0.14 0.05 -56.1 11.0   2.85  0.79 0.20 0.01 -46.1  1.3 
NGVSJ12:31:34.12+12:54:17.6  2 0.05                              0.51 0.02  13.6  1.8 
NGVSJ12:31:35.09+11:54:46.9  2 0.05                              0.51 0.01 -25.3  1.6 
NGVSJ12:31:35.38+12:10:07.4  2 0.05                              0.77 0.01  68.5  0.1 
NGVSJ12:31:36.13+12:20:12.2  2 0.05                              0.07 0.12 -58.8 65.2 
NGVSJ12:31:36.42+13:05:19.7  0 0.16 0.04 -28.2 11.7   2.76  2.77 0.22 0.01 -18.3  0.8 
NGVSJ12:31:37.22+12:46:30.8  2 0.05                              0.34 0.01 -46.4  1.9 
NGVSJ12:31:38.75+11:49:44.7  2 0.16 0.09 -69.3 20.2  -1.02  3.02 0.04 0.04 -78.6 26.3 
NGVSJ12:31:41.52+11:48:04.6  2 0.05                              0.57 0.03  72.5  3.9 
NGVSJ12:31:43.84+11:51:51.3  2 0.05                              0.35 0.01 -44.6  2.3 
NGVSJ12:31:44.03+12:36:44.6  0 0.23 0.07 -28.3 26.2   1.26  2.40 0.29 0.01 -23.0  0.4 
NGVSJ12:31:47.45+12:58:14.4  2 0.48 0.08  40.9  2.9   4.12  4.15 0.59 0.01  39.8  1.2 
NGVSJ12:31:47.86+12:18:21.5  1 0.05                              0.24 0.02 -72.6  4.8 
NGVSJ12:31:48.01+12:21:33.1  1 0.59       67.0                   0.69 0.01  71.8  0.6 
NGVSJ12:31:51.33+12:39:25.2  0 0.29 0.07 -37.8 12.2   0.15  0.62 0.34 0.01 -29.4  0.1 
NGVSJ12:31:52.01+12:28:54.5  0 0.22 0.04 -68.2  3.5   0.22  0.81 0.28 0.01 -70.6  0.1 
NGVSJ12:31:52.90+12:15:59.1  0 0.06 0.01 -89.3  1.6   0.59  0.11 0.04 0.01  82.0  1.3 
NGVSJ12:31:53.09+13:15:44.1  2 0.05                              0.05 0.04  -2.5 31.8 
NGVSJ12:31:55.11+12:56:43.0  2 0.05                              0.35 0.04 -39.4  5.2 
NGVSJ12:31:55.93+12:10:27.0  0 0.51 0.12 -29.3  2.2   0.11  1.03 0.34 0.01 -29.3  0.1 
NGVSJ12:31:56.40+11:58:21.6  0 0.14 0.11 -33.3 35.8   0.52  3.07 0.07 0.01  -9.9  0.7 
NGVSJ12:32:00.19+13:04:55.4  0 0.35 0.03  -2.4  4.2  -1.02  1.48 0.35 0.01   0.7  0.1 
NGVSJ12:32:00.75+12:37:13.2  0 0.43 0.06  -7.8  1.9   0.95  1.68 0.52 0.01  -6.7  0.1 
NGVSJ12:32:01.12+13:04:31.5  2 0.49      -24.4                                        
NGVSJ12:32:01.88+13:24:02.0  2 0.05                              0.95 1.0  -17.4 90.0 
NGVSJ12:32:02.74+11:53:24.3  0 0.13 0.03 -30.8  3.1  -0.04  0.48 0.16 0.01 -28.6  0.1 
NGVSJ12:32:03.77+13:04:25.1  1 0.05                              0.18 0.01  59.3  4.1 
NGVSJ12:32:03.79+12:34:010.0 1 0.05                              0.37 0.02  21.5  2.6 
NGVSJ12:32:04.80+12:23:42.0  1 0.23 0.07 -28.3 13.5   0.85  5.16 0.23 0.01 -14.8  0.9 
NGVSJ12:32:05.63+11:49:03.6  0 0.21 0.11  62.3 31.1  -0.49  2.56                      
NGVSJ12:32:07.65+12:26:02.9  0 0.23      -40.4                   0.30 0.01 -36.9  0.4 
NGVSJ12:32:09.31+12:50:20.2  0 0.25 0.06 -75.8  3.0   0.06  1.00 0.35 0.01 -76.7  0.1 
NGVSJ12:32:10.28+12:33:02.2  1 0.27 0.08 -20.0  9.7   2.19  5.11 0.30 0.01  90.0  1.3 
NGVSJ12:32:10.50+13:25:09.7  0 0.32 0.04 -78.9 23.8  -0.03  2.35 0.28 0.01 -76.0  0.1 
NGVSJ12:32:11.36+12:30:24.9  0 0.34 0.07  10.8 42.2   0.92  2.14 0.36 0.01  20.2  0.1 
NGVSJ12:32:12.24+12:03:41.5  0 0.24 0.02 -73.2  2.5   0.61  1.05 0.28 0.01 -71.4  0.1 
NGVSJ12:32:14.52+11:47:26.5  1 0.05                              0.06 0.01 -76.2  4.8 
NGVSJ12:32:22.52+12:19:32.1  1 0.05       57.6                   0.53 0.01  84.8  0.6 
NGVSJ12:32:23.58+11:53:36.1  0 0.27 0.05  59.8  4.8   0.67  2.69 0.22 0.01  66.5  0.1 
NGVSJ12:32:24.04+11:45:31.5  2 0.61 0.07 -70.0  2.9  -2.29  4.36 0.52 0.01 -67.4  0.5 
NGVSJ12:32:25.47+12:08:52.9  1 0.05                              0.09 0.05 -19.0 25.4 
NGVSJ12:32:25.50+13:05:29.3  1 0.05                              0.23 0.01 -83.7  3.0 
NGVSJ12:32:26.21+12:43:48.2  2 0.05                              0.29 0.01  24.4  3.0 
NGVSJ12:32:26.22+11:45:01.7  2 0.05                              0.04 0.04  19.1 51.6 
NGVSJ12:32:26.53+11:37:20.7  1 0.05                              0.38 0.01  82.8  2.2 
NGVSJ12:32:29.96+11:50:01.3  0 0.05                              0.19 0.01   3.8  2.3 
NGVSJ12:32:32.48+11:42:00.3  1 0.05       55.8                   0.29 0.01  87.8  2.7 
NGVSJ12:32:33.45+12:47:21.6  1 0.30       65.7                   0.29 0.01  66.1  1.6 
NGVSJ12:32:33.49+12:11:55.5  2 0.05                              0.54 0.03 -41.3  3.5 
NGVSJ12:32:34.71+12:38:21.1  0 0.05                              0.14 0.01  26.7  0.8 
NGVSJ12:32:38.96+12:17:36.7  2 0.21       10.8                   0.21 0.01   8.6  2.1 
NGVSJ12:32:39.13+13:19:47.5  0 0.40 0.07 -20.5  4.2  -1.33  2.42 0.34 0.01 -19.0  0.2 
NGVSJ12:32:39.99+11:53:43.7  2 0.05                              0.33 0.03 -18.4  5.0 
NGVSJ12:32:40.80+12:46:15.9  0 0.25 0.14  67.4 36.9   0.44  1.15 0.19 0.01  87.9  0.1 
NGVSJ12:32:50.56+12:08:20.8  2 0.13 0.04 -46.0 52.1  -0.72  2.26 0.05 0.01 -58.0  5.5 
NGVSJ12:32:54.11+12:48:27.2  1 0.43 0.06 -41.8  3.4   1.02  2.25 0.55 0.01 -38.5  0.1 
NGVSJ12:32:54.78+11:57:26.2  2 0.05                              0.16 0.02 -38.6  6.5 
NGVSJ12:32:55.32+12:20:58.0  2 0.05                              0.10 0.05   8.7 20.7 
NGVSJ12:32:55.32+12:38:06.9  0 0.18 0.05 -66.9  5.2   2.38  2.27 0.13 0.01 -78.6  1.1 
NGVSJ12:32:55.36+12:45:33.2  1 0.05                              0.02 0.01  -9.9 27.3 
NGVSJ12:32:55.68+13:13:56.9  2 0.14       -3.5                   0.29 0.01  -5.5  2.5 
NGVSJ12:33:00.04+12:34:22.9  2 0.05                              0.36 0.04 -73.3  5.5 
NGVSJ12:33:00.82+11:54:52.6  2 0.23       73.4                   0.52 0.02  86.7  2.2 
NGVSJ12:33:03.96+12:53:15.4  1 0.05                              0.08 0.02  79.8 14.3 
NGVSJ12:33:05.74+13:09:39.7  0 0.29 0.04 -10.4 11.8  -1.23  0.55 0.27 0.01  -3.0  0.3 
NGVSJ12:33:05.99+11:32:01.3  2 0.07 0.03  87.0 11.2   0.50  1.33 0.06 0.01 -86.7  3.0 
NGVSJ12:33:06.02+11:55:22.9  2 0.05                              0.23 0.03  49.4  6.6 
NGVSJ12:33:06.41+13:18:11.1  0 0.07 0.04  43.5 32.5   0.30  3.83 0.05 0.01  85.4  3.5 
NGVSJ12:33:07.21+13:08:24.6  2 0.05                              0.49 0.02   0.1  3.1 
NGVSJ12:33:07.52+12:12:13.4  0 0.31 0.10 -76.6  6.4   3.28  3.86 0.07 0.01 -69.0  6.3 
NGVSJ12:33:07.97+12:30:08.9  2 0.05                              0.28 0.04   0.5  4.9 
NGVSJ12:33:08.68+12:10:57.8  2 0.40 0.02  72.0  2.6   2.37  3.33 0.46 0.01  75.8  0.5 
NGVSJ12:33:09.53+12:16:57.3  0 0.29 0.06 -42.9  2.3  -0.30  3.72 0.28 0.01 -45.7  0.3 
NGVSJ12:33:10.17+12:05:09.9  1 0.17 0.11  20.8 29.7  -1.18  3.92 0.34 0.01   6.9  0.8 
NGVSJ12:33:11.87+12:42:55.7  2 0.27       35.0                   0.40 0.03  18.5  3.9 
NGVSJ12:33:14.01+12:51:28.2  0 0.18 0.03  47.2  5.8  -0.03  0.49 0.23 0.01  43.1  0.1 
NGVSJ12:33:14.02+11:46:53.6  1 0.05                              0.30 0.02   4.3  3.2 
NGVSJ12:33:15.73+11:52:07.0  1 0.05                              0.05 0.01 -41.0  9.4 
NGVSJ12:33:15.83+13:13:10.3  2 0.05                              0.24 0.03   9.6  6.2 
NGVSJ12:33:16.88+12:16:56.2  0 0.37      -34.2                   0.37 0.01 -26.8  0.6 
NGVSJ12:33:16.91+12:34:54.5  1 0.41 0.12  83.6  6.8   0.84  2.89 0.49 0.01 -89.5  0.2 
NGVSJ12:33:17.19+11:37:36.4  2 0.05                              0.01 0.03  67.5 90.0 
NGVSJ12:33:17.38+12:34:54.5  2 0.05                              0.27 0.01   8.1  2.4 
NGVSJ12:33:19.79+12:51:12.5  0 0.45 0.05  56.7  0.9  -1.10  3.00 0.39 0.01  57.9  0.1 
NGVSJ12:33:22.53+11:38:29.4  0 0.36 0.02 -45.9  3.3   4.03  2.71 0.41 0.01 -50.0  0.3 
NGVSJ12:33:24.73+12:24:11.3  2 0.05                              0.05 0.01 -70.3 11.2 
NGVSJ12:33:25.21+13:24:58.5  0 0.20       83.5                   0.17 0.01  84.4  0.9 
NGVSJ12:33:29.44+13:17:22.8  2 0.05                              0.09 0.06  53.0 21.4 
NGVSJ12:33:30.72+13:00:21.5  2 0.05                              0.20 0.03  69.5  6.7 
NGVSJ12:33:32.45+12:15:45.0  2 0.05                              0.22 0.05  68.4 10.4 
NGVSJ12:33:36.86+13:21:45.4  2 0.05                              0.22 0.03 -87.0  5.7 
NGVSJ12:33:40.31+12:44:13.6  0 0.05 0.02 -83.3 34.7  -0.68  1.12 0.01 0.01 -60.8  5.6 
NGVSJ12:33:40.81+12:34:16.4  0 0.25 0.06 -88.6 10.2   0.32  1.88 0.27 0.01  83.2  0.2 
NGVSJ12:33:40.91+12:22:56.7  0 0.33 0.01  33.2  3.7  -1.33  1.52 0.33 0.01  41.8  0.3 
NGVSJ12:33:44.70+11:40:57.1  1 0.52 0.02 -58.9  7.3  -2.83  3.08 0.48 0.01 -55.6  0.5 
NGVSJ12:33:47.06+11:46:53.8  0 0.20 0.07 -36.5 33.6   0.15  4.03 0.09 0.01 -35.6  1.4 
NGVSJ12:33:48.67+12:46:48.1  0 0.07 0.02 -56.4 25.1   0.22  1.22 0.03 0.01 -27.1  2.1 
NGVSJ12:33:49.57+13:02:20.3  0 0.05                              0.28 0.01 -52.2  1.3 
NGVSJ12:33:51.12+12:57:30.3  0 0.19 0.08  75.7 17.1   0.67  2.80 0.25 0.01  83.9  0.6 
NGVSJ12:33:51.62+13:19:20.9  0 0.21 0.05 -84.6  0.7   0.18  0.13 0.12 0.01 -85.5  0.1 
NGVSJ12:33:52.35+13:14:54.6  2 0.05                              0.49 0.02  38.6  2.7 
NGVSJ12:33:52.50+12:07:02.5  0 0.05                              0.19 0.01   1.5  2.3 
NGVSJ12:33:58.18+13:13:14.9  1 0.05                              0.53 0.01  55.9  1.1 
NGVSJ12:34:01.39+12:43:11.2  0 0.16 0.07   0.8 15.4   0.69  3.33 0.15 0.01  11.2  1.3 
NGVSJ12:34:06.56+11:50:12.1  0 0.08 0.02 -73.1 13.2   1.36  2.78 0.27 0.01 -40.8  0.3 
NGVSJ12:34:06.74+12:44:29.7  0 0.08 0.03  29.6 10.7   0.34  0.59 0.08 0.01  26.9  0.2 
NGVSJ12:34:07.61+12:38:52.6  2 0.34 0.06                         0.40 0.03 -56.3  4.0 
NGVSJ12:34:07.83+11:45:48.1  1 0.14 0.06  46.5 27.5   0.58  1.65 0.33 0.02 -42.4  2.3 
NGVSJ12:34:08.81+11:34:30.7  2 0.05                              0.14 0.04  23.6 16.1 
NGVSJ12:34:08.98+12:44:24.8  0 0.38 0.05  28.9  3.2  -2.09  2.31 0.39 0.01  22.8  0.3 
