Title: A redshift survey of the nearby galaxy cluster Abell 2199 : No
upturn of the faint-end slope of galaxy luminosity function

Authors: Park J-I., Song H., Hwang H.S.
Table: Normalized Luminosity Function of A2199 and other samples

================================================================================
Byte-by-byte Description of file: v57n2p249_Table3.txt
--------------------------------------------------------------------------------
  Bytes  Format    Units             Label      Explanations
--------------------------------------------------------------------------------
   1-  1  I1       ---               Sample     Sample ID (1)
   3-  8  F6.2     mag               M_r        Absolute magnitude (2)
  10 -14  F5.1     h3Mpc-3mag-1      Phi        Luminosity function value (3)
  16- 20  F5.1     h3Mpc-3mag-1      Phi_err    Uncertainty in Phi (4)
--------------------------------------------------------------------------------
Note (1):
    Sample ID mapping:
      1 = A2199 (This study)
      2 = Coma (Kang et al. 2025) [2025ApJS..278...51K]
      3 = Virgo (Ferrarese et al. 2020) [2020ApJ...890..128F]
      4 = Field (Blanton et al. 2005) [2005ApJ...631..208B]
      5 = TNG50 Halo 0 (This study)

Note (2):
    Absolute magnitude is calculated based on the LambdaCDM cosmology
    with H0 = 70 km/s/Mpc, Omega_m = 0.3, and Omega_Lambda = 0.7.

Note (3):
    Phi and Phi_err are in comoving number density units: [h³ Mpc⁻³ mag⁻¹]
    Phi values are normalized to the luminosity function of A2199 at M_r = -21.3, which is the characteristic magnitude of the Schechter fit. While the other cluster luminosity functions are not in absolute units, they are scaled accordingly for comparison.

Note (4):
    Uncertainties in Phi are estimated from the Poisson statistics.
--------------------------------------------------------------------------------

1 -22.75    2.1   2.1
1 -22.25    2.1   2.1
1 -21.75   12.5   5.1
1 -21.25   12.5   5.1
1 -20.75   25.1   7.2
1 -20.25   58.9  11.1
1 -19.75   53.2  10.6
1 -19.25   47.9  10.2
1 -18.75   67.2  12.3
1 -18.25   53.4  11.1
1 -17.75   61.4  12.3
1 -17.25  138.8  19.2
1 -16.75  125.5  19.1
1 -16.25  150.4  22.2
1 -15.75  169.4  25.3
1 -15.25  139.7  26.8
2 -22.75    3.0   2.1
2 -22.25    3.0   2.1
2 -21.75    9.1   3.7
2 -21.25   19.7   5.5
2 -20.75   25.7   6.2
2 -20.25   45.7   8.3
2 -19.75   54.0   9.1
2 -19.25   52.2   9.1
2 -18.75   65.1  10.3
2 -18.25   69.4  10.8
2 -17.75   82.4  12.1
2 -17.25   99.4  13.8
2 -16.75  116.4  15.7
2 -16.25  154.9  19.4
2 -15.75  200.0  24.0
2 -15.25  158.6  25.1
3 -22.75   47.0  33.2
3 -21.25   23.5  23.5
3 -20.25   70.5  40.7
3 -19.75   47.0  33.2
3 -18.75   94.0  47.0
3 -18.25   47.0  33.2
3 -17.75   94.0  47.0
3 -17.25  117.5  52.5
3 -16.75   94.0  47.0
3 -16.25  117.5  52.5
3 -15.75  127.0  56.8
3 -15.25  158.7  64.8
3 -14.75  188.2  71.1
3 -14.25  328.9  94.9
3 -13.75  327.4  94.5
3 -13.25  517.6 118.7
4 -23.40    0.0   0.0
4 -23.15    0.2   0.0
4 -22.90    0.6   0.1
4 -22.65    0.9   0.1
4 -22.40    2.8   0.1
4 -22.15    5.5   0.2
4 -21.90   10.1   0.4
4 -21.65   14.3   0.5
4 -21.40   21.0   0.7
4 -21.15   25.1   0.9
4 -20.90   30.0   1.0
4 -20.65   35.5   1.2
4 -20.40   37.9   1.3
4 -20.15   43.3   1.6
4 -19.90   44.5   1.6
4 -19.65   49.4   1.6
4 -19.40   54.8   1.6
4 -19.15   57.7   2.1
4 -18.90   62.2   2.1
4 -18.65   67.2   2.5
4 -18.40   79.5   2.9
4 -18.15   86.1   2.9
4 -17.90  103.8   3.7
4 -17.65  106.3   3.7
4 -17.40  129.0   4.9
4 -17.15  161.9   6.2
4 -16.90  164.0   7.0
4 -16.65  191.6   8.7
4 -16.40  217.5  10.3
4 -16.15  332.1  14.8
4 -15.90  311.9  15.7
4 -15.65  353.1  18.5
4 -15.40  493.2  25.1
4 -15.15  505.1  27.6
4 -14.90  517.1  31.3
4 -14.65  445.8  32.5
4 -14.40  572.3  44.9
4 -14.15  412.0  48.2
4 -13.90  901.0  91.5
4 -13.65  296.2  73.7
4 -13.40  210.9  91.1
4 -13.15  879.6 368.3
5 -26.25    5.8   5.8
5 -23.25    5.8   5.8
5 -22.75    5.8   5.8
5 -21.75   23.3  11.7
5 -21.25   23.3  11.7
5 -20.75   17.5  10.1
5 -20.25   40.8  15.4
5 -19.75   99.1  24.0
5 -19.25  110.7  25.4
5 -18.75  151.5  29.7
5 -18.25  134.1  28.0
5 -17.75  163.2  30.8
5 -17.25  256.4  38.7
5 -16.75  303.1  42.0
5 -16.25  209.8  35.0
5 -15.75  227.3  36.4
5 -15.25  227.3  36.4
5 -14.75  291.4  41.2
5 -14.25  384.7  47.3
5 -13.75  477.9  52.8
5 -13.25  466.3  52.1
5 -12.75  617.8  60.0
5 -12.25  664.4  62.2
5 -11.75  816.0  69.0
5 -11.25  926.7  73.5
5 -10.75 1014.1  76.9
5 -10.25 1078.2  79.3
