# cl_id, Completeness, r-band_mag_limitforCompleteness Xcl(Mpc/h) Ycl(Mpc/h) Zcl(Mpc/h) scale(arcmin/(Mpc/h))
 RMJ000158d5p120358d0  0.45 19.50   561.689     4.973   120.171    7.19
                   A7  0.32 19.50   254.174    13.032   161.622   12.58
                  A21  0.31 19.50   242.438    21.938   133.136   13.56
 RMJ002224d7p231733d0  0.34 19.50   362.299    35.519   156.718    9.86
                  A68  0.11 19.50   690.165   112.753   112.723    6.07
                  A76  0.26 17.77   116.195    20.493    14.107   30.09
 RMJ004118d5p252609d1  0.41 19.50   372.555    67.833   180.059    9.38
                  A85  0.83 17.77   159.957    29.433   -27.000   22.01
                 A98S  0.25 19.50   278.916    57.328   105.820   12.49
 RMJ005105d2p261716d7  0.49 19.50   606.370   137.348   307.284    6.17
                A0115  0.35 19.50   477.245   119.012   243.516    7.46
                 A119  0.70 17.77   128.376    32.090    -2.688   27.13
                Zw348  0.32 19.50   682.375   204.803    13.134    6.04
 RMJ010819d0p275802d1  0.40 19.50   571.841   175.701   317.648    6.29
                 A160  0.65 17.77   117.362    38.703    34.262   27.97
                 A168  0.87 17.77   126.670    43.157     0.617   26.85
                 A193  0.43 17.77   132.198    51.451    21.677   25.12
              RXJ0137  0.92 17.77   109.221    49.440   -19.575   29.46
              RXJ0142  0.05 19.50   652.179   311.273   284.972    5.65
                 A267  0.78 19.50   572.999   306.933    11.488    6.50
                 A291  0.08 19.50   482.049   283.152   -21.444    7.35
                 A295  0.66 17.77   108.419    63.935    -2.355   28.47
                 A311  0.14 19.50   154.192    97.775    65.621   18.88
                 A329  0.52 19.50   335.548   223.539   -32.180    9.68
                 A344  0.40 19.50   371.058   263.256   177.818    8.23
 RMJ023054d9p024719d6  0.45 19.50   541.814   419.151    33.357    6.23
                 A383  0.95 19.50   401.133   361.361   -33.298    7.55
 RMJ072705d2p384613d4  0.44 19.50  -171.882   430.224   372.503    6.99
 RMJ072729d3p422756d1  0.54 19.50  -144.190   358.967   354.605    7.75
                 A586  0.40 19.50  -163.675   383.887   257.037    8.21
 RMJ073720d9p351741d7  0.51 19.50  -202.232   447.171   347.291    6.92
               Zw0740  0.09 19.50  -118.182   243.965    85.790   13.26
 RMJ075100d8p173753d8  0.52 19.50  -237.598   450.354   162.084    7.63
                 A602  0.85 17.77   -74.579   137.325    87.639   20.35
 RMJ075655d8p383933d2  0.56 19.50  -235.900   420.998   386.384    6.77
 RMJ075822d7p264120d6  0.45 19.50  -287.986   506.418   292.763    6.48
               Zw1478  0.40 19.50   -88.140   153.162   243.214   12.61
                 A611  0.94 19.50  -326.820   560.706   472.506    5.51
                A0620  0.45 19.50  -139.400   228.056   273.702   10.17
                 A646  0.50 19.50  -146.605   205.177   271.369   10.46
               Zw1665  0.60 17.77   -52.484    72.688     6.870   39.39
                A0657  0.48 19.50  -248.102   343.592   121.192    8.99
                 A655  0.39 19.50  -149.188   202.642   271.097   10.48
                 A625  0.42 19.50   -44.875    60.787   559.562    7.29
               Zw1693  0.15 19.50  -380.806   514.801    47.548    6.56
 RMJ082657d6p310804d9  0.49 19.50  -304.830   408.516   308.016    6.98
                 A667  0.42 19.50  -179.845   238.498   296.256    9.36
                 A671  0.88 17.77   -77.622   102.510    75.425   24.22
 RMJ083056d4p322412d2  0.56 19.50  -371.019   480.198   385.940    6.00
                 A665  0.00 19.50  -131.322   169.672   478.613    7.75
 RMJ083513d0p204654d9  0.59 19.50  -297.850   370.979   180.542    7.95
                 A689  0.83 19.50  -478.728   583.727   202.043    5.63
               Zw1883  0.20 19.50  -313.857   364.461   271.648    7.42
                 A697  0.82 19.50  -413.827   480.504   466.890    5.59
               Zw2089  0.21 19.50  -439.827   437.475   236.818    6.39
                 A736  0.92 17.77   -81.192    76.092   143.017   20.13
                 A743  0.75 17.77  -280.140   264.785    70.365    9.96
                 A750  0.87 19.50  -340.882   315.142    90.612    8.46
               MS0906  0.91 19.50  -366.411   338.313    96.872    7.96
                 A757  0.92 17.77   -76.241    68.463   112.664   23.73
                 A773  0.44 19.50  -291.155   249.000   485.532    6.77
                 A779  0.89 17.77   -44.253    37.215    38.532   50.63
                 A795  0.39 19.50  -300.648   243.251    97.628    9.80
               Zw2701  0.51 19.50  -322.560   200.012   483.887    6.80
                 A957  0.90 17.77  -120.720    60.385    -2.096   26.62
                 A954  0.92 17.77  -243.551   121.766    -0.516   13.80
                 A961  0.35 19.50  -277.225   134.649   205.034   10.47
                 A963  0.93 19.50  -407.721   196.573   367.169    7.10
                 A971  0.86 17.77  -185.231    86.544   177.664   13.86
      RXCJ1022.0+3830  0.93 17.77  -115.182    52.271   100.661   22.43
                 A980  0.51 19.50  -262.578   118.959   344.786    8.84
               Zw3146  0.42 19.50  -736.342   329.201    59.041    5.48
                 A990  0.42 19.50  -245.225   109.633   310.591    9.56
               Zw3179  0.52 19.50  -368.835   160.497    90.583    9.52
                A1033  0.38 19.50  -269.667   109.325   204.189   10.85
               A1035B  0.94 17.77  -166.719    67.255   152.492   15.75
               A1035A  0.94 17.77  -141.321    56.750   128.477   18.42
                A1066  0.93 17.77  -188.777    69.131    18.207   18.20
                A1068  0.35 19.50  -290.093   104.514   258.284    9.73
                A1126  0.84 17.77  -228.225    67.645    72.096   14.99
       RXJ1053.7+5450  0.88 17.77  -118.420    35.009   175.184   17.21
                A1132  0.39 19.50  -207.267    57.029   328.283    9.94
                A1142  0.89 17.77   -98.959    26.074    19.055   34.18
                A1173  0.94 17.77  -163.442    36.822   148.515   16.52
                A1185  0.87 17.77   -85.663    18.685    48.014   35.55
                A1190  0.94 17.77  -164.533    35.135   145.514   16.62
                A1201  0.52 19.50  -458.522    95.551   111.969    8.33
                A1204  0.65 19.50  -458.580    94.697   148.483    8.19
                A1205  0.90 17.77  -218.031    44.485     9.618   16.60
      RXCJ1115.5+5426  0.94 17.77  -118.002    23.297   168.216   17.79
               SHK352  0.89 17.77  -141.321    23.857     7.242   25.12
                A1235  0.35 19.50  -280.342    45.385   101.215   12.58
                A1246  0.44 19.50  -505.639    80.165   201.564    7.45
                A1272  0.88 17.77  -360.544    47.670   160.341    9.83
               A1291B  0.96 17.77   -95.562    11.679   142.735   21.13
               A1291A  0.96 17.77   -83.611    10.128   124.770   24.00
                A1307  0.87 17.77  -229.441    27.275    59.622   15.57
                A1302  0.42 19.50  -133.692    15.689   308.093   11.40
                A1314  0.90 17.77   -64.681     7.235    75.093   35.75
                A1361  0.38 19.50  -232.750    16.614   244.811   11.34
                A1367  0.84 17.77   -63.017     4.239    22.688   52.38
                A1366  0.42 19.50  -129.722     8.612   312.523   11.33
                A1377  0.96 17.77   -85.773     4.726   126.107   23.69
                A1413  0.27 19.50  -375.733     7.700   162.691    9.58
                A1423  0.53 19.50  -507.966     5.834   337.923    6.84
                A1424  0.91 17.77  -221.264     2.368    19.700   16.64
                A1436  0.92 17.77  -106.366    -0.025   159.119   19.13
                A1437  0.24 19.50  -386.684    -0.702    22.628   10.06
                A1446  0.92 17.77  -159.094    -1.388   255.083   12.61
                 MKW4  0.91 17.77   -60.833    -1.185     1.960   57.62
      RXCJ1210.3+0523  0.98 17.77  -223.831   -10.083    21.058   16.44
               Zw1215  0.87 17.77  -226.207   -17.590    14.585   16.29
              NGC4325  0.88 17.77   -74.906    -7.657    14.066   46.03
                Virgo  0.85 17.77   -10.449    -1.215     2.375  319.94
                A1552  0.83 17.77  -245.597   -32.119    51.751   14.76
                A1553  0.50 19.50  -468.341   -63.288    88.108    8.34
                A1589  0.83 17.77  -195.013   -35.544    66.599   17.61
              NGC4636  0.85 17.77    -9.115    -1.724     0.436  371.31
                A1650  0.98 17.77  -239.708   -62.647    -6.807   15.04
                 Coma  0.85 17.77   -59.566   -15.882    32.694   50.42
                A1663  0.95 17.77  -236.684   -66.648   -10.739   15.14
                A1668  0.83 17.77  -172.405   -49.240    62.689   19.26
                A1682  0.48 19.50  -424.793  -127.669   468.334    6.54
               MS1306  0.96 17.77  -233.481   -72.856    -6.925   15.22
                A1691  0.84 17.77  -156.830   -50.326   134.416   17.34
                A1689  0.49 19.50  -502.960  -162.209   -12.318    7.70
                A1728  0.91 17.77  -242.409   -90.980    51.372   14.19
       RXJ1326.2+0013  0.98 17.77  -226.200   -89.435     0.940   15.30
                MKW11  0.92 17.77   -61.552   -25.345    13.893   51.71
                A1750  0.95 17.77  -231.971   -97.072    -8.230   14.83
                A1758  0.41 19.50  -452.075  -193.569   597.622    5.67
                A1763  0.44 19.50  -452.739  -199.924   430.179    6.45
                A1767  0.94 17.77   -98.521   -44.090   180.795   17.49
                A1775  0.88 17.77  -178.746   -85.158    98.165   16.72
         RXJ1342+0213  0.88 17.77  -205.277   -98.012     8.848   16.27
                A1773  0.88 17.77  -207.584   -99.220     8.883   16.10
                A1795  0.87 17.77  -148.025   -76.142    83.341   19.63
                A1800  0.85 17.77  -174.297   -90.116   104.785   16.62
      RXCJ1351.7+4622  0.92 17.77  -113.689   -60.452   134.444   19.63
                A1809  0.92 17.77  -203.914  -109.839    20.949   15.95
                A1831  0.88 17.77  -169.327   -97.065   103.658   16.72
                A1835  0.49 19.50  -610.147  -355.963    35.538    6.08
                A1885  0.93 17.77  -156.433  -103.244   178.862   14.44
                A1902  0.52 19.50  -303.576  -215.921   283.750    8.53
                A1918  0.24 19.50  -146.371  -107.685   359.470    9.72
                A1914  0.51 19.50  -303.810  -224.863   293.473    8.38
                A1925  0.86 17.77  -134.207  -101.563   258.011   12.33
                A1930  0.38 19.50  -254.745  -199.889   199.464   10.22
                 MKW8  0.94 17.77   -61.590   -51.985     4.899   43.73
                A1978  0.39 19.50  -300.212  -277.756   106.619    9.32
                A1986  0.85 17.77  -230.755  -217.299   127.385   11.24
               Zw7160  0.49 19.50  -478.395  -467.058   274.791    5.98
                A2009  0.48 19.50  -289.476  -290.337   160.360    9.00
                A2018  0.89 17.77  -122.263  -123.455   188.283   14.59
              RXJ1504  0.58 19.50  -427.933  -443.635   -30.200    6.78
              NGC5846  0.85 17.77   -12.233   -13.144     0.512  192.53
                A2034  0.29 19.50  -186.041  -203.348   182.465   11.58
                A2029  0.90 17.77  -152.362  -167.614    22.689   16.27
                A2050  0.29 19.50  -227.520  -262.360     0.539   11.08
                A2051  0.82 17.77  -225.483  -260.688    -5.706   11.15
                A2055  0.32 19.50  -192.682  -226.977    32.402   12.65
                A2064  0.86 17.77   -91.863  -110.476   163.312   16.97
                A2061  0.92 17.77  -126.646  -152.542   117.642   16.08
                A2065  0.83 17.77  -121.105  -147.439   100.161   17.12
                A2063  0.83 17.77   -63.244   -77.469    15.129   35.14
                A2067  0.92 17.77  -117.900  -144.452   111.455   16.99
                A2069  0.35 19.50  -181.213  -224.107   165.866   11.52
                A2107  0.88 17.77   -65.315   -92.968    45.419   29.25
                A2111  0.51 19.50  -308.135  -438.980   367.448    6.50
                A2110  0.86 17.77  -140.577  -200.283   145.374   13.25
         RXJ1540+1752  0.86 17.77  -143.801  -205.659    80.947   14.21
                A2124  0.90 17.77   -89.739  -134.183   117.780   18.37
                A2142  0.95 17.77  -119.304  -203.445   121.093   14.14
                A2149  0.87 17.77   -56.055   -98.461   156.060   18.99
                A2147  0.87 17.77   -50.821   -90.111    29.704   33.10
                A2169  0.88 17.77   -50.580  -101.298   130.860   21.03
              NGC6107  0.89 17.77   -32.708   -68.368    53.168   38.29
                A2175  0.36 19.50  -102.615  -221.392   140.289   13.39
                A2187  0.64 19.50  -160.218  -360.857   346.110    7.74
                A2199  0.89 17.77   -27.611   -65.583    58.760   38.41
                A2197  0.88 17.77   -25.955   -62.592    58.206   39.64
                A2219  0.53 19.50  -149.703  -413.306   466.569    6.57
                A2245  0.91 17.77   -52.834  -206.024   140.763   14.65
                A2244  0.90 17.77   -60.096  -234.465   163.444   12.94
                A2256  0.06 19.50    -8.242   -32.942   169.083   21.10
                A2249  0.85 17.77   -44.714  -200.918   141.151   14.94
                A2255  0.86 17.77   -21.208  -100.983   211.955   15.75
              NGC6338  0.73 17.77    -8.875   -44.997    71.785   41.51
               Zw8193  0.40 19.50   -71.520  -379.562   353.232    7.77
               Zw8197  0.35 19.50   -32.947  -178.599   276.174   11.58
              RXJ1720  0.28 19.50   -71.608  -407.645   207.575    8.62
                A2259  0.56 19.50   -70.990  -404.127   215.148    8.61
                A2261  0.71 19.50   -87.982  -532.202   338.824    6.61
               Zw8284  0.48 19.50   -17.822  -320.791   323.712    8.73
               IC1365  0.39 17.77   110.178   -97.565     6.568   24.50
              RXJ2129  0.89 19.50   525.377  -404.323     1.126    6.40
                A2355  0.14 19.50   527.825  -386.061    15.978    6.47
                A2390  0.42 19.50   525.782  -323.484   196.982    6.52
                A2396  0.53 19.50   459.535  -276.993   119.283    7.45
                A2399  0.94 17.77   146.756   -86.924   -23.421   21.13
                A2409  0.35 19.50   340.508  -194.852   150.367    9.37
 RMJ220107d7p111805d2  0.50 19.50   573.665  -327.468   131.967    6.32
                A2415  0.39 17.77   150.212   -81.835   -16.752   21.16
      RXCJ2214.8+1350  0.75 17.77    68.462   -33.893    18.806   44.85
                A2428  0.86 17.77   218.188  -106.018   -39.863   15.15
                A2440  0.26 19.50   243.615  -108.614    -7.627   14.05
                A2443  0.25 19.50   281.847  -122.486    96.176   11.85
                A2454  0.38 19.50   440.281  -172.978    48.157    8.42
                A2457  0.77 17.77   163.878   -63.109     4.525   20.73
                A2495  0.28 19.50   218.981   -68.678    44.204   15.88
 RMJ225946d5p310223d9  0.47 19.50   458.885  -123.336   285.933    7.40
            PegasusII  0.28 17.77   117.897   -25.900    16.056   29.39
                A2593  0.82 17.77   117.788   -18.441    31.216   29.05
 RMJ232626d2p292152d7  0.40 19.50   556.458   -82.077   316.305    6.54
                A2623  0.47 19.50   550.476   -60.360    54.743    7.38
                A2631  0.56 19.50   771.567   -75.373     3.734    5.66
                A2645  0.54 19.50   696.975   -57.057  -111.103    6.07
         RXJ2344-0422  0.16 19.50   232.201   -15.966   -17.777   15.90
          MS2348+2929  0.49 19.50   387.685   -15.978   219.510    8.90
                A2665  0.17 19.50   163.495    -6.535    17.663   22.05
                A2670  0.96 17.77   220.415    -5.470   -40.532   16.50
