# cl_id, cl_ra, cl_dec, cl_z, cl_sig (km/s), cl_usig, cl_lsig, cl_m200c (M_sun/h), cl_em200c, cl_survey, cl_r200 (Mpc/h)
 RMJ000158d5p120358d0   0.507300  12.075720  0.2010  647   67   51  2.380e+14  2.200e+13   HeCS-red  0.95
                   A7   2.935000  32.417000  0.1030  783   58   48  2.770e+14  1.140e+14    HeCS-SZ  1.03
                  A21   5.170500  28.675100  0.0946  761   54   44  2.920e+14  1.330e+14    HeCS-SZ  1.05
 RMJ002224d7p231733d0   5.599230  23.291941  0.1365  710   49   41  3.510e+14  2.100e+13   HeCS-red  1.10
                  A68   9.278504   9.156744  0.2510 1186   89   88  1.192e+15  2.579e+14      ACReS  1.59
                  A76  10.002000   6.818000  0.0400  455   66   46  1.190e+14  4.000e+12    HeCS-SZ  0.79
 RMJ004118d5p252609d1  10.319080  25.430620  0.1447  652   64   49  2.240e+14  6.000e+12   HeCS-red  0.94
                  A85  10.426290  -9.425500  0.0557  692   55   45  2.500e+14  1.190e+14       CIRS  1.02
                 A98S  11.614700  20.386450  0.1038  594   48   39  2.170e+14  9.000e+12    HeCS-SZ  0.95
 RMJ005105d2p261716d7  12.762640  26.300369  0.2454  661   66   51  2.970e+14  5.000e+12   HeCS-red  1.00
                A0115  14.002400  26.339621  0.1916 1176   70   59  1.060e+15  1.600e+13   HeCS-red  1.56
                 A119  14.034490  -1.163560  0.0446  589   68   51  1.770e+14  7.000e+13       CIRS  0.91
                Zw348  16.706249   1.056139  0.2526  806   74   73  3.888e+14  1.028e+14      ACReS  1.09
 RMJ010819d0p275802d1  17.079809  27.967560  0.2393  609   81   58  1.550e+14  2.000e+12   HeCS-red  0.81
                 A160  18.251170  15.495870  0.0432  489   62   45  6.800e+13  3.800e+13       CIRS  0.67
                 A168  18.814220   0.264080  0.0451  577   50   40  2.020e+14  5.100e+13       CIRS  0.95
                 A193  21.266001   8.688000  0.0484  658   65   51  1.340e+14  3.000e+12    HeCS-SZ  0.82
              RXJ0137  24.354430  -9.273090  0.0409  392   45   34  8.700e+13  6.000e+12       CIRS  0.72
              RXJ0142  25.514278  21.521339  0.2771 1123   66   63  1.017e+15  1.695e+14      ACReS  1.49
                 A267  28.176201   1.012500  0.2291  972   63   53  4.950e+14  3.100e+13       HeCS  1.19
                 A291  30.429670  -2.196669  0.1955  704   80   82  2.626e+14  8.763e+13      ACReS  0.98
                 A295  30.527880  -1.071770  0.0424  298   55   36  3.600e+13  6.000e+12       CIRS  0.54
                 A311  32.379360  19.768990  0.0657  305   49   33  5.800e+13  7.000e+12    HeCS-SZ  0.62
                 A329  33.671200  -4.563300  0.1394  641   60   46  2.260e+14  3.300e+13    HeCS-SZ  0.95
                 A344  35.354740  21.347759  0.1696  689   70   53  2.040e+14  2.000e+12    HeCS-SZ  0.91
 RMJ023054d9p024719d6  37.725780   2.787780  0.2425  878   77   61  4.340e+14  9.200e+13   HeCS-red  1.14
                 A383  42.014133  -3.529228  0.1887  931   59   59  5.070e+14  9.000e+12    nonHeCS  1.22
 RMJ072705d2p384613d4 111.777542  38.800758  0.2084  614   59   46  2.350e+14  4.000e+12   HeCS-red  0.94
 RMJ072729d3p422756d1 111.884338  42.510319  0.1828  702   60   48  3.040e+14  1.400e+13   HeCS-red  1.03
                 A586 113.091599  31.629601  0.1702  779   57   47  4.040e+14  1.700e+13    HeCS-SZ  1.14
 RMJ073720d9p351741d7 114.334702  35.284691  0.2109  602   63   48  2.800e+14  2.500e+13   HeCS-red  0.99
               Zw0740 115.846497  17.561111  0.0970  727   67   58  2.883e+14  7.187e+13      ACReS  1.04
 RMJ075100d8p173753d8 117.815193  17.657240  0.1863  637   68   51  1.720e+14  7.000e+12   HeCS-red  0.85
                 A602 118.505720  29.284680  0.0606  712   81   60  4.340e+14  4.400e+13       CIRS  1.23
 RMJ075655d8p383933d2 119.263397  38.682671  0.2172  683   87   63  1.990e+14  2.000e+12   HeCS-red  0.89
 RMJ075822d7p264120d6 119.625740  26.680981  0.2298  986   80   64  7.500e+14  2.100e+13   HeCS-red  1.37
               Zw1478 119.918999  53.999001  0.1027  479   66   46  6.600e+13  3.000e+12       HeCS  0.64
                 A611 120.236748  36.056541  0.2871  883   17   17  5.840e+14  2.340e+14    nonHeCS  1.24
                A0620 121.435478  45.679520  0.1316  702   59   47  2.570e+14  7.000e+12   HeCS-red  0.99
                 A646 125.546997  47.099998  0.1273  653   66   51  2.440e+14  1.200e+13       HeCS  0.98
               Zw1665 125.831270   4.381810  0.0302  463   71   48  6.400e+13  2.300e+13       CIRS  0.65
                A0657 125.832420  15.958540  0.1524  777   62   50  3.010e+14  3.900e+13   HeCS-red  1.04
                 A655 126.361000  47.132000  0.1271  777   58   47  3.330e+14  1.600e+13       HeCS  1.08
                 A625 126.435997  82.310013  0.1974  472   82   54  8.700e+13  1.000e+12    HeCS-SZ  0.68
               Zw1693 126.490891   4.246700  0.2261  671   50   48  2.285e+14  4.839e+13      ACReS  0.92
 RMJ082657d6p310804d9 126.729897  31.144270  0.2088  890   86   67  6.080e+14  3.200e+13   HeCS-red  1.29
                 A667 127.018997  44.764000  0.1452  645   80   58  2.860e+14  5.000e+12       HeCS  1.02
                 A671 127.133490  30.395470  0.0503  854   72   57  3.230e+14  1.020e+14       CIRS  1.12
 RMJ083056d4p322412d2 127.691040  32.456001  0.2551  482   75   51  8.800e+13  1.200e+13   HeCS-red  0.67
                 A665 127.738998  65.853996  0.1827 1227   59   59  1.315e+15  1.834e+14      ACReS  1.68
 RMJ083513d0p204654d9 128.760117  20.781120  0.1770  611   64   49  2.220e+14  2.000e+12   HeCS-red  0.93
                 A689 129.356003  14.983000  0.2789  589    9  162  1.550e+14  5.000e+12       HeCS  0.80
               Zw1883 130.733582  29.457138  0.1929  834   89   87  4.293e+14  1.314e+14      ACReS  1.15
                 A697 130.736206  36.362499  0.2812 1002   97   57  4.420e+14  2.100e+14       HeCS  1.13
               Zw2089 135.153580  20.894400  0.2343  815   79   80  4.015e+14  1.136e+14      ACReS  1.11
                 A736 136.857280  52.115150  0.0613  320   63   39  4.500e+13  1.000e+12    HeCS-SZ  0.57
                 A743 136.613998  10.344990  0.1349  358  116   59  5.500e+13  1.500e+13    HeCS-SZ  0.59
                 A750 137.246902  11.044400  0.1640  681   56   45  2.630e+14  1.900e+13       HeCS  0.99
               MS0906 137.283203  10.992500  0.1767  664   87   62  1.470e+14  1.900e+13       HeCS  0.81
                 A757 138.076810  47.713180  0.0514  347   67   43  3.600e+13  2.800e+13       CIRS  0.54
                 A773 139.462402  51.724800  0.2173 1110   86   70  7.840e+14  1.000e+13       HeCS  1.40
                 A779 139.937950  33.679610  0.0233  528   45   36  1.800e+14  3.000e+13       CIRS  0.92
                 A795 141.024002  14.168000  0.1374  778   61   50  3.520e+14  7.000e+12       HeCS  1.10
               Zw2701 148.197998  51.890999  0.2160  652   74   55  1.830e+14  5.400e+13       HeCS  0.86
                 A957 153.425380  -0.889570  0.0455  763   85   64  1.580e+14  9.800e+13       CIRS  0.88
                 A954 153.436730  -0.108580  0.0928  510  132   74  5.900e+13  4.400e+13       CIRS  0.63
                 A961 154.093994  33.634701  0.1272  725   78   59  2.370e+14  1.300e+13    HeCS-SZ  0.97
                 A963 154.259995  39.048401  0.2041  956   80   64  4.010e+14  5.000e+12       HeCS  1.12
                 A971 154.956950  40.989970  0.0923  784  108   76  4.460e+14  8.900e+13       CIRS  1.24
      RXCJ1022.0+3830 155.590930  38.513480  0.0546  573   71   52  1.090e+14  8.900e+13       CIRS  0.78
                 A980 155.627502  50.101700  0.1555 1033   72   59  4.460e+14  1.400e+14       HeCS  1.18
               Zw3146 155.911697   4.186500  0.2894  858  103   75  3.110e+14  1.410e+14       HeCS  1.00
                 A990 155.912003  49.145000  0.1416  655   82   60  1.510e+14  5.600e+13       HeCS  0.83
               Zw3179 156.483994  12.691000  0.1422  541  122   73  6.700e+13  5.000e+12       HeCS  0.63
                A1033 157.932007  35.057999  0.1220  677   55   44  2.840e+14  3.000e+12       HeCS  1.03
               A1035B 158.030700  40.306150  0.0801  640  116   75  1.250e+14  3.700e+13       CIRS  0.81
               A1035A 158.121110  40.152020  0.0675  536   63   46  2.170e+14  4.400e+13       CIRS  0.98
                A1066 159.887030   5.174950  0.0684  771   63   51  4.680e+14  5.100e+13       CIRS  1.26
                A1068 160.186996  39.951000  0.1386 1028  106   81  8.400e+14  6.600e+13       HeCS  1.47
                A1126 163.490295  16.850201  0.0846  565   58   58  1.340e+14  3.970e+13     KYDISC  0.81
       RXJ1053.7+5450 163.530520  54.820090  0.0727  605   67   50  3.460e+14  4.100e+13       CIRS  1.14
                A1132 164.615997  56.782001  0.1351  749   80   61  3.520e+14  1.400e+13       HeCS  1.10
                A1142 165.238910  10.547810  0.0350  579   65   49  2.190e+14  6.500e+13       CIRS  0.98
                A1173 167.303680  41.555540  0.0760  598  101   67  9.500e+13  3.700e+13       CIRS  0.74
                A1185 167.695007  28.705999  0.0336  633   42   35  2.130e+14  2.000e+12    HeCS-SZ  0.96
                A1190 167.945850  40.856590  0.0755  636   64   49  2.370e+14  1.130e+14       CIRS  1.01
                A1201 168.228699  13.444800  0.1671  683   68   53  2.660e+14  6.000e+12       HeCS  0.99
                A1204 168.332397  17.593700  0.1706  532   62   46  1.110e+14  1.400e+13       HeCS  0.74
                A1205 168.468220   2.474890  0.0756  591   73   53  2.060e+14  7.100e+13       CIRS  0.96
      RXCJ1115.5+5426 168.831810  54.434090  0.0701  610   68   51  2.670e+14  3.300e+13       CIRS  1.05
               SHK352 170.417990   2.892520  0.0484  602   60   46  2.730e+14  2.400e+13       CIRS  1.05
                A1235 170.804001  19.615999  0.1030  584   62   47  1.530e+14  1.500e+13       HeCS  0.84
                A1246 170.991196  21.490299  0.1921  906   70   57  5.120e+14  1.200e+13       HeCS  1.22
                A1272 172.468185  23.791901  0.1369  505  130   73  8.500e+13  1.300e+13    HeCS-SZ  0.69
               A1291B 173.032510  56.000720  0.0582  508   84   56  7.600e+13  7.400e+13       CIRS  0.69
               A1291A 173.093130  55.979810  0.0508  363   60   42  5.400e+13  2.800e+13       CIRS  0.61
                A1307 173.220795  14.469000  0.0811  756   73   56  4.130e+14  2.500e+13    HeCS-SZ  1.18
                A1302 173.307007  66.399002  0.1152  650   62   48  2.080e+14  3.000e+12       HeCS  0.93
                A1314 173.617500  49.084090  0.0334  592   46   37  1.720e+14  4.400e+13       CIRS  0.90
                A1361 175.917007  46.374001  0.1159  512   64   47  1.250e+14  0.000e+00       HeCS  0.78
                A1367 176.152008  19.759001  0.0225  716   38   33  3.330e+14  2.200e+13    HeCS-SZ  1.12
                A1366 176.201996  67.413002  0.1160  616   62   48  1.920e+14  6.000e+12       HeCS  0.90
                A1377 176.846350  55.737790  0.0515  616   64   49  1.310e+14  9.200e+13       CIRS  0.83
                A1413 178.826004  23.408001  0.1412  856   90   68  5.720e+14  2.000e+12       HeCS  1.29
                A1423 179.341995  33.632000  0.2142  759   64   51  3.680e+14  6.000e+12       HeCS  1.09
                A1424 179.386790   5.087690  0.0754  619   66   50  2.760e+14  8.300e+13       CIRS  1.06
                A1436 180.013600  56.238390  0.0648  501   61   45  8.600e+13  2.200e+13       CIRS  0.72
                A1437 180.104004   3.349000  0.1333 1233  102   81  1.070e+15  1.350e+14       HeCS  1.59
                A1446 180.499695  58.047501  0.1027  594  105   68  1.410e+14  1.500e+13    HeCS-SZ  0.82
                 MKW4 181.116260   1.845210  0.0204  577   49   39  1.670e+14  1.700e+13       CIRS  0.90
      RXCJ1210.3+0523 182.579250   5.369130  0.0764  438   78   51  7.300e+13  4.700e+13       CIRS  0.68
               Zw1215 184.446400   3.678100  0.0772  735   64   51  2.500e+14  2.180e+14       CIRS  1.02
              NGC4325 185.836970  10.581730  0.0257  484  114   67  1.500e+13  1.300e+13       CIRS  0.40
                Virgo 186.634010  12.722990  0.0036  776   23   21  2.010e+14  3.200e+13       CIRS  0.95
                A1552 187.450880  11.801330  0.0861  711   83   61  1.790e+14  1.060e+14       CIRS  0.92
                A1553 187.695908  10.560600  0.1668  867   62   51  4.580e+14  3.000e+12       HeCS  1.19
                A1589 190.329605  18.571091  0.0709  764   61   49  4.210e+14  8.000e+12    HeCS-SZ  1.19
              NGC4636 190.707800   2.687800  0.0031  232   30   24  1.200e+13  2.000e+12       CIRS  0.38
                A1650 194.646430  -1.573740  0.0843  524  107   66  1.040e+14  9.800e+13       CIRS  0.77
                 Coma 194.929504  27.938620  0.0234  827   26   24  4.500e+14  4.800e+13    HeCS-SZ  1.24
                A1663 195.726680  -2.500670  0.0837  720   70   54  3.990e+14  1.420e+14       CIRS  1.20
                A1668 195.939789  19.271490  0.0643  725   74   57  3.510e+14  1.000e+13    HeCS-SZ  1.13
                A1682 196.727798  46.556000  0.2272  996   80   65  6.130e+14  4.000e+12       HeCS  1.28
               MS1306 197.330110  -1.621760  0.0832  409   93   56  5.800e+13  1.200e+13       CIRS  0.63
                A1691 197.791107  39.217609  0.0721  733   78   59  2.710e+14  6.600e+13    HeCS-SZ  1.03
                A1689 197.875000  -1.335300  0.1842 1197   78   65  8.680e+14  2.640e+14       HeCS  1.46
                A1728 200.571900  11.222300  0.0899  790  109   77  2.920e+14  1.650e+14       CIRS  1.08
       RXJ1326.2+0013 201.572970   0.221390  0.0827  481  119   68  5.700e+13  3.700e+13       CIRS  0.63
                MKW11 202.379980  11.788610  0.0228  361   50   35  3.400e+13  1.300e+13       CIRS  0.53
                A1750 202.707770  -1.874550  0.0856  643   79   58  1.590e+14  1.420e+14       CIRS  0.88
                A1758 203.179596  50.549599  0.2760  674   99   69  2.230e+14  7.500e+13       HeCS  0.90
                A1763 203.825699  40.997002  0.2312 1261   81   68  1.240e+15  1.390e+14       HeCS  1.62
                A1767 204.109510  59.162310  0.0714  805   58   48  6.030e+14  2.360e+14       CIRS  1.37
                A1775 205.473999  26.372000  0.0750  556   73   52  1.320e+14  2.900e+13    HeCS-SZ  0.81
         RXJ1342+0213 205.522797   2.227500  0.0773  746   81   61  2.600e+14  7.100e+13    HeCS-SZ  1.02
                A1773 205.546550   2.211040  0.0782  615   73   54  1.980e+14  1.900e+14       CIRS  0.95
                A1795 207.220703  26.595600  0.0630  774   67   53  3.310e+14  1.300e+13    HeCS-SZ  1.11
                A1800 207.340195  28.103600  0.0755  687   68   52  4.760e+14  2.100e+13    HeCS-SZ  1.24
      RXCJ1351.7+4622 208.000930  46.236780  0.0630  361   74   46  3.800e+13  7.000e+12       CIRS  0.55
                A1809 208.309300   5.168140  0.0790  551   60   46  1.320e+14  7.700e+13       CIRS  0.83
                A1831 209.823013  27.972900  0.0750 1178  103   82  4.270e+14  1.100e+13    HeCS-SZ  1.20
                A1835 210.259506   2.880100  0.2506 1151   80   66  8.410e+14  5.300e+13       HeCS  1.41
                A1885 213.424320  43.659790  0.0882  687  128   82  4.500e+14  1.240e+14       CIRS  1.25
                A1902 215.422607  37.295799  0.1623  784   71   56  2.330e+14  2.300e+13       HeCS  0.95
                A1918 216.341995  63.182999  0.1388  545   76   54  1.930e+14  4.000e+12       HeCS  0.90
                A1914 216.506805  37.827099  0.1660  798   53   44  4.770e+14  1.300e+13       HeCS  1.20
                A1925 217.117111  56.882900  0.1053  606  110   71  1.920e+14  1.600e+13    HeCS-SZ  0.91
                A1930 218.119995  31.632999  0.1308  577   75   54  1.860e+14  1.200e+13       HeCS  0.89
                 MKW8 220.166140   3.478710  0.0271  325   31   25  4.400e+13  3.800e+13       CIRS  0.57
                A1978 222.774994  14.611000  0.1459  404   95   56  8.800e+13  2.400e+13       HeCS  0.69
                A1986 223.279800  21.894699  0.1171  516  148   79  7.300e+13  4.000e+13    HeCS-SZ  0.66
               Zw7160 224.312958  22.342850  0.2565  988   84   84  7.017e+14  1.730e+14      ACReS  1.33
                A2009 225.085007  21.362000  0.1522  715   57   46  3.510e+14  1.700e+13       HeCS  1.09
                A2018 225.277924  47.298618  0.0872  585   79   56  1.770e+14  7.000e+12    HeCS-SZ  0.89
              RXJ1504 226.032104  -2.805000  0.2168  779  105   75  2.160e+14  1.510e+14       HeCS  0.91
              NGC5846 227.057050   1.634880  0.0060  399   45   34  3.600e+13  9.000e+12       CIRS  0.54
                A2034 227.544998  33.506001  0.1132  942   64   53  5.030e+14  5.000e+12       HeCS  1.25
                A2029 227.729004   5.720000  0.0773  954   76   61  5.150e+14  5.500e+13    HeCS-SZ  1.27
                A2050 229.067993   0.089000  0.1191  869   77   61  4.320e+14  1.110e+14       HeCS  1.18
                A2051 229.141708  -0.948400  0.1182  437  125   67  4.300e+13  2.700e+13    HeCS-SZ  0.55
                A2055 229.671997   6.211000  0.1023  676   90   64  2.160e+14  1.600e+13       HeCS  0.94
                A2064 230.255870  48.659190  0.0738  599   93   64  1.650e+14  6.300e+13       CIRS  0.89
                A2061 230.299360  30.683440  0.0783  720   67   52  5.270e+14  5.000e+13       CIRS  1.31
                A2065 230.600677  27.697411  0.0731 1084   70   58  3.390e+14  2.700e+13    HeCS-SZ  1.11
                A2063 230.772400   8.602500  0.0340  714   53   43  2.680e+14  2.800e+13    HeCS-SZ  1.04
                A2067 230.779150  30.868670  0.0737  500  239   98  4.100e+13  2.400e+13       CIRS  0.56
                A2069 231.041000  29.921000  0.1139  994   61   52  6.960e+14  8.000e+12       HeCS  1.39
                A2107 234.909988  21.789000  0.0412  590   47   38  1.890e+14  2.800e+13    HeCS-SZ  0.92
                A2111 234.933701  34.415600  0.2291  741   65   52  2.900e+14  3.500e+13       HeCS  1.00
                A2110 234.935220  30.714720  0.0971  581  115   72  1.740e+14  3.500e+13       CIRS  0.91
         RXJ1540+1752 235.037994  17.878000  0.0898  649  118   76  1.100e+14  1.000e+12    HeCS-SZ  0.76
                A2124 236.226090  36.115480  0.0677  841   74   59  6.060e+14  1.040e+14       CIRS  1.38
                A2142 239.611760  27.177800  0.0903  764   56   46  3.380e+14  1.370e+14       CIRS  1.13
                A2149 240.346800  54.020410  0.0653  276  118   54  1.100e+13  1.000e+13       CIRS  0.36
                A2147 240.578003  16.020000  0.0362  715   36   31  2.930e+14  3.100e+13    HeCS-SZ  1.07
                A2169 243.466160  49.132850  0.0585  478   71   49  9.300e+13  6.700e+13       CIRS  0.74
              NGC6107 244.432910  35.050460  0.0311  464   47   36  1.050e+14  5.000e+13       CIRS  0.77
                A2175 245.132202  29.895300  0.0960  644   51   41  2.150e+14  5.000e+12    HeCS-SZ  0.95
                A2187 246.059097  41.238300  0.1829  631   83   59  1.270e+14  1.600e+13       HeCS  0.77
                A2199 247.168610  39.548990  0.0310  676   37   32  2.390e+14  7.700e+13       CIRS  1.01
                A2197 247.477380  40.662700  0.0300  535   40   33  7.300e+13  4.100e+13       CIRS  0.68
                A2219 250.089203  46.705799  0.2257 1151   63   54  8.980e+14  2.420e+14       HeCS  1.46
                A2245 255.616700  33.497410  0.0868  952   89   70  5.330e+14  5.700e+13       CIRS  1.32
                A2244 255.623920  34.029740  0.0997  981   95   74  4.310e+14  1.930e+14       CIRS  1.23
                A2256 255.953201  78.644287  0.0583 1101   47   42  7.860e+14  2.870e+14    HeCS-SZ  1.48
                A2249 257.453461  34.440601  0.0849  778   82   62  2.360e+14  8.500e+13    HeCS-SZ  0.98
                A2255 258.139490  64.041960  0.0801  961   58   49  7.510e+14  1.380e+14       CIRS  1.48
              NGC6338 258.842170  57.425150  0.0286  492   45   35  1.520e+14  1.060e+14       CIRS  0.87
               Zw8193 259.328979  42.444000  0.1823  899   81   63  4.750e+14  2.100e+13    HeCS-SZ  1.20
               Zw8197 259.548004  56.671001  0.1132  597   73   53  1.800e+14  3.000e+12       HeCS  0.89
              RXJ1720 260.036987  26.635000  0.1604  860   40   35  4.470e+14  3.000e+13       HeCS  1.18
                A2259 260.036987  27.670200  0.1605  855   76   60  3.840e+14  6.800e+13       HeCS  1.12
                A2261 260.612915  32.133801  0.2242  780   78   60  2.620e+14  9.100e+13       HeCS  0.97
               Zw8284 266.820190  45.215599  0.1579  564   59   45  1.740e+14  6.000e+12    HeCS-SZ  0.86
               IC1365 318.474487   2.555500  0.0497  575   66   50  1.800e+14  1.000e+12    HeCS-SZ  0.91
              RXJ2129 322.418610   0.097300  0.2339  858   71   57  5.590e+14  1.160e+14       HeCS  1.24
                A2355 323.817596   1.399620  0.2306  911  125   88  5.120e+14  7.300e+13   HeCS-red  1.21
                A2390 328.398376  17.697350  0.2283 1278   64   55  1.210e+15  6.200e+13   HeCS-red  1.61
                A2396 328.919800  12.533600  0.1919  935   90   70  3.840e+14  8.700e+13       HeCS  1.11
                A2399 329.361640  -7.818580  0.0582  532   53   41  1.010e+14  2.700e+13       CIRS  0.76
                A2409 330.220093  20.970800  0.1450  839   70   56  4.840e+14  3.400e+13    HeCS-SZ  1.22
 RMJ220107d7p111805d2 330.280731  11.298040  0.2379  560   77   54  1.410e+14  1.500e+13   HeCS-red  0.78
                A2415 331.418762  -5.593333  0.0581  720   41   41  2.710e+14  4.450e+13 OmegaWINGS  1.04
      RXCJ2214.8+1350 333.661810  13.829830  0.0264  360   49   35  2.900e+13  3.400e+13       CIRS  0.50
                A2428 334.084760  -9.331940  0.0836  487   79   53  1.440e+14  5.400e+13       CIRS  0.85
                A2440 335.970612  -1.637900  0.0909  812   52   44  3.550e+14  6.000e+12    HeCS-SZ  1.12
                A2443 336.511017  17.378000  0.1102  619   59   46  1.890e+14  6.100e+13    HeCS-SZ  0.90
                A2454 338.551086   5.812790  0.1649  934   67   55  4.740e+14  1.600e+13    HeCS-SZ  1.20
                A2457 338.938324   1.475905  0.0594  641   32   32  1.930e+14  2.760e+13 OmegaWINGS  0.92
                A2495 342.587280  10.902400  0.0794  634   57   45  1.370e+14  3.000e+13    HeCS-SZ  0.82
 RMJ225946d5p310223d9 344.955902  31.037350  0.1937  661   61   48  2.600e+14  3.000e+12   HeCS-red  0.98
            PegasusII 347.609894   7.576900  0.0410  740   63   50  3.190e+14  1.010e+14    HeCS-SZ  1.10
                A2593 351.101950  14.672360  0.0415  570   44   36  2.250e+14  8.300e+13       CIRS  0.99
 RMJ232626d2p292152d7 351.609467  29.350849  0.2273  938   95   73  3.630e+14  1.400e+13   HeCS-red  1.08
                A2623 353.742432   5.645610  0.1944  765   72   56  3.890e+14  1.000e+12    HeCS-SZ  1.12
                A2631 354.420593   0.276000  0.2765  851   96   72  3.800e+14  8.400e+13       HeCS  1.07
                A2645 355.320007  -9.027500  0.2509  549   78   55  7.400e+13  1.000e+12       HeCS  0.63
         RXJ2344-0422 356.066620  -4.367600  0.0793  543   52   40  1.850e+14  2.900e+13    HeCS-SZ  0.91
          MS2348+2929 357.640015  29.497999  0.1542  525   69   49  8.800e+13  9.000e+12    HeCS-SZ  0.69
                A2665 357.710907   6.161100  0.0556  554   54   42  1.130e+14  3.300e+13    HeCS-SZ  0.77
                A2670 358.578480 -10.416600  0.0761  687   63   50  1.880e+14  1.020e+14       CIRS  0.93
